3.347e-11;5.46996e-14;4.29996e-15;1.75377e-14;1.23932e-13;4.71212e-13;5.86239e-14;3.39457e-12;7.70982e-13;1.36343e-12;3.33983e-10;2.05348e-13;1.81083e-12;2.0183e-13;1.49357e-13;2.21687e-12;4.69618e-14;1.61254e-13;2.12064e-14;8.90052e-13;8.57969e-11;2.35591e-14;6.04218e-13;1.67037e-11;7.18179e-13;1.63309e-11;6.26976e-12;4.59114e-13;6.07688e-15;1.49038e-13;4.05751e-15;8.33976e-11;1.0394e-14;1.59729e-14;1.09328e-13;1.94985e-14;8.45018e-14;1.58783e-13;1.3283e-12;1.03447e-13;8.73928e-13;6.22596e-14;3.74888e-14;5.50608e-14;6.39674e-13;1.11764e-13;4.3802e-13;4.38089e-14;8.80463e-13;4.24927e-15;1.89531e-11;1.65285e-12;3.19423e-14;8.42588e-13;9.51723e-17;3.31284e-12;7.99531e-14;1.83941e-13;1.34617e-13;5.89728e-13;1.92325e-11;5.68342e-12;1.36462e-13;1.62144e-13;1.73818e-13;2.2842e-12;1.04822e-12;1.40673e-12;1.72483e-13;1.31904e-12;8.4329e-13;4.64321e-11;4.69468e-12;8.34869e-11;1.65926e-15;5.16761e-13;8.8176e-14;5.57098e-12;4.737e-13;1.20649e-13;8.50553e-12;1.55878e-13;4.75232e-13;9.20697e-14;8.58434e-08;1.5637e-12;7.35501e-13;7.5524e-16;1.92369e-12;1.01154e-12;1.70256e-13;3.15732e-13;2.14979e-13;2.06464e-12;3.53096e-12;7.16563e-13;4.89489e-15;9.10536e-13;2.39704e-13;1.1696e-15;2.76357e-13;3.49357e-13;1.20663e-11;7.10882e-12;2.37916e-14;5.2214e-14;6.59181e-13;7.94333e-14;4.85946e-13;3.50558e-11;2.53281e-12;1.36768e-10;7.80455e-14;1.74612e-13;1.40633e-13;8.07023e-14;1.065e-11;2.16011e-14;9.66141e-15;2.17062e-12;4.21384e-13;1.27387e-12;5.71277e-13;5.13966e-17;5.28023e-17;3.03627e-16;3.91553e-14;5.14459e-13;1.98689e-14;8.93686e-18;4.57923e-14;6.71338e-12;1.2109e-13;1.02486e-12;1.51932e-13;2.7555e-13;4.26754e-14;1.43396e-13;9.60179e-14;1.39218e-14;4.96106e-14;1.71866e-12;2.78945e-13;2.12928e-13;2.60679e-12;5.25989e-13;2.25378e-13;1.04796e-13;1.00241e-14;1.7031e-13;1.43744e-13;5.1566e-14;3.05163e-13;2.98037e-15;6.90206e-17;1.01877e-13;5.15329e-15;1.80105e-13;5.85433e-14;1.94616e-13;9.00418e-14;1.53909e-13;3.28685e-09;6.44028e-13;1.19261e-13;1.86571e-15;3.41093e-13;3.15498e-13;5.87339e-13;1.65703e-12;7.93633e-14;1.74041e-13;4.87783e-13;3.60699e-11;4.25198e-12;1.55844e-14;2.33214e-15;2.26448e-13;1.20443e-12;1.17319e-11;2.68526e-14;1.02716e-13;1.84902e-14;1.43697e-13;2.21273e-13;2.78913e-13;6.6638e-15;1.7918e-12;4.65748e-13;8.56466e-13;8.78967e-12;4.3589e-14;6.75245e-14;1.93969e-13;6.16496e-15;1.72757e-13;7.85386e-16;2.72631e-15;1.33364e-13;2.74854e-13;3.74543e-13;8.36497e-14;7.39432e-14;5.8515e-14;3.94175e-13;6.70093e-14;9.27168e-14;2.43841e-13;1.15873e-13;4.12917e-14;1.76652e-14;2.73472e-13;1.6777e-13;9.93158e-13;5.12772e-15;4.49109e-14;3.50951e-14;3.11467e-10;1.71585e-14;4.19517e-13;9.76385e-17;2.29132e-13;1.30374e-12;1.87308e-13;9.76051e-13;5.46343e-14;3.69665e-13;4.69236e-13;6.99768e-11;6.0788e-12;5.50495e-14;3.48222e-14;1.23034e-14;2.17035e-13;2.99845e-14;1.57338e-09;2.66377e-14;5.04501e-16;1.1315e-14;1.05934e-13;7.43212e-14;3.62469e-12;6.97428e-13;7.11742e-13;1.01206e-08;7.96661e-10;5.82025e-09;3.96337e-08;0.999889;0.000101774;2.48087e-06;5.18498e-06;2.21537e-10;7.37202e-10;1.96373e-10;1.15899e-06;5.68336e-09;3.2466e-08;4.17582e-13;1.19093e-13;1.44992e-14;5.34696e-14;9.51518e-14;2.29588e-17;7.86945e-13;1.12898e-15;1.8925e-13;3.28719e-14;3.48791e-14;3.08629e-14;8.47836e-14;5.6721e-14;2.37591e-17;2.52123e-16;5.32228e-15;4.39113e-16;2.96668e-14;6.33449e-17;6.96444e-13;3.04126e-18;2.68352e-14;1.06676e-14;1.53291e-13;1.63938e-10;4.56786e-13;1.53713e-12;4.50546e-13;2.11711e-17;1.64272e-15;7.04772e-14;2.79312e-11;1.30661e-14;2.29365e-18;6.32866e-16;1.92791e-13;1.19715e-13;2.50438e-13;1.38469e-12;1.1474e-13;3.42377e-14;2.67656e-14;9.47355e-17;9.23283e-16;1.55244e-16;6.63494e-17;5.99468e-14;8.01136e-18;4.26728e-16;1.79999e-14;3.30571e-14;3.15385e-14;2.77862e-14;3.50459e-15;2.52254e-13;5.46316e-15;6.89938e-14;4.05272e-13;2.81806e-09;8.33009e-16;2.29755e-15;8.80561e-15;2.60858e-13;1.14307e-13;2.5464e-17;3.35259e-14;1.64881e-13;3.805e-12;1.8886e-11;3.69208e-15;8.27097e-17;1.88152e-14;1.63849e-13;5.81496e-14;5.44226e-14;1.28062e-13;2.78684e-13;7.7142e-12;2.15784e-13;1.21054e-13;6.43404e-14;4.70906e-11;3.0748e-13;2.33619e-15;1.10034e-13;7.29336e-15;8.18326e-14;3.01982e-14;9.99073e-15;7.27406e-15
8.2567e-11;4.83051e-13;5.4346e-11;1.61954e-14;5.20989e-12;4.87428e-11;3.32352e-12;1.98426e-12;2.67062e-11;1.40534e-10;2.85239e-13;4.09238e-11;4.70414e-10;7.82269e-11;2.59763e-10;9.99124e-10;1.59146e-09;3.26576e-11;6.31698e-11;1.05391e-11;4.66524e-13;3.92822e-12;1.63651e-10;2.74404e-10;3.41119e-11;3.12373e-11;2.03882e-08;8.57798e-09;8.64213e-13;5.75007e-12;2.55971e-13;7.88861e-14;1.06352e-12;6.72929e-15;1.762e-09;1.37999e-10;2.20941e-11;3.06895e-11;1.08502e-08;1.80653e-12;9.47855e-12;1.81782e-11;8.93596e-12;5.60349e-09;9.61031e-12;1.71637e-09;2.85738e-09;1.51374e-10;7.6818e-10;9.28351e-13;3.27549e-10;4.74578e-08;1.32342e-11;3.36874e-08;3.0252e-14;1.06001e-09;3.52997e-10;5.20323e-11;3.84691e-11;7.88169e-11;2.78383e-11;3.07401e-10;1.06387e-10;2.57996e-08;4.08502e-11;5.60864e-08;1.76832e-10;2.903e-10;1.68943e-11;1.85738e-11;8.75328e-12;2.44506e-13;2.86453e-10;2.03766e-11;3.87286e-10;8.54736e-11;3.33884e-11;5.7061e-09;3.738e-11;1.0486e-10;7.32114e-11;6.8089e-11;3.01315e-11;2.06452e-12;4.7933e-09;5.78879e-10;7.67144e-14;1.01195e-11;2.83075e-10;3.21005e-10;2.19158e-11;6.54108e-11;1.95301e-10;3.50705e-11;7.18045e-11;5.21719e-13;7.20122e-10;2.58706e-10;3.21534e-10;4.67077e-08;1.26106e-07;1.89094e-09;0.00110527;3.72907e-05;1.21851e-05;0.998662;8.85867e-08;3.58277e-09;7.64204e-09;0.000173801;4.2813e-07;7.63985e-06;3.19532e-10;1.57403e-10;8.2521e-08;1.12089e-09;4.8307e-09;5.07555e-12;3.84864e-10;3.8831e-11;1.06964e-10;2.67351e-11;1.06214e-10;4.00149e-13;4.46377e-11;2.2921e-14;2.339e-14;2.78412e-08;1.25547e-13;3.69168e-08;1.26026e-09;4.25966e-09;4.31719e-10;1.22202e-08;1.26736e-10;4.78661e-12;7.42983e-12;3.26649e-13;7.71559e-12;2.86518e-13;7.87362e-10;2.41279e-13;4.93963e-12;3.90145e-10;2.0244e-10;1.11943e-11;7.58218e-12;1.63439e-10;1.41701e-11;1.20581e-11;1.11145e-10;3.33632e-11;6.45121e-12;3.83786e-12;1.69167e-08;2.89436e-11;1.13193e-10;4.52093e-10;2.14277e-10;1.00154e-10;6.1605e-11;7.34188e-11;5.68419e-10;4.00682e-12;1.26012e-12;8.35235e-11;6.02267e-11;5.19621e-12;2.87048e-10;3.15621e-10;6.62822e-11;1.11992e-11;1.90857e-09;5.02649e-11;5.85725e-09;6.91582e-16;4.72999e-09;3.50438e-12;1.16231e-09;5.14996e-10;1.12377e-11;4.38839e-12;8.03382e-12;2.57909e-11;1.38059e-11;1.61289e-12;8.53872e-10;3.05386e-10;7.25183e-12;8.67848e-11;8.53593e-10;3.87252e-11;5.27741e-13;9.68649e-12;3.82409e-14;4.02208e-11;2.11224e-13;4.61792e-10;1.30869e-08;1.48261e-11;1.65455e-10;4.41568e-11;1.19122e-11;2.38359e-11;1.82839e-10;9.32641e-11;3.88141e-12;4.2257e-09;5.72983e-10;1.25105e-10;3.60062e-11;2.20307e-11;7.94619e-11;1.28648e-09;3.32625e-12;4.84535e-10;2.10105e-11;2.57031e-12;1.09712e-10;1.71646e-13;1.40075e-11;3.61124e-10;5.15958e-10;1.19757e-09;8.14572e-10;1.1497e-10;1.30033e-10;4.08485e-11;9.04882e-11;2.24935e-09;3.8008e-13;4.45518e-09;1.68263e-12;2.59512e-12;2.08727e-13;6.55075e-12;9.1518e-11;2.35609e-16;1.77087e-08;4.85049e-10;1.02012e-10;2.28685e-08;1.60373e-10;4.13685e-11;2.81179e-10;3.87998e-10;9.76889e-11;5.19079e-11;6.52228e-11;3.17768e-11;9.71113e-12;3.31761e-07;2.6592e-09;2.98017e-10;6.00342e-10;4.77701e-09;1.94243e-09;3.19455e-10;4.02813e-11;2.51384e-11;6.89211e-13;8.65865e-11;1.2954e-10;1.55611e-12;1.35043e-14;2.13508e-09;3.22573e-10;8.42403e-11;2.77884e-10;1.44589e-09;1.78843e-09;3.83148e-10;2.10636e-13;4.94185e-12;2.23606e-12;4.32275e-13;3.47403e-16;3.52163e-11;2.92997e-14;3.50207e-09;1.55293e-11;2.89468e-10;5.96853e-11;2.601e-13;6.57781e-10;1.02377e-11;9.80892e-10;1.43645e-11;1.96528e-13;5.32877e-12;2.21144e-10;2.03969e-13;3.30462e-17;3.31467e-10;2.09367e-10;1.61918e-09;1.24428e-10;3.32699e-08;5.2316e-10;2.22537e-10;1.82352e-11;3.95064e-15;1.11155e-13;4.61737e-14;6.07579e-14;4.10187e-12;9.26256e-16;1.91606e-12;6.67358e-10;1.0174e-10;8.27321e-12;1.33009e-11;4.03363e-13;4.75506e-10;8.24885e-13;4.18442e-11;9.55364e-13;1.16154e-12;1.60379e-14;1.83195e-14;1.10483e-10;1.08752e-08;2.24894e-09;1.31475e-11;8.23764e-11;7.71093e-11;3.53359e-15;3.24044e-09;5.68333e-11;7.77111e-07;7.0527e-12;5.1555e-11;3.49898e-10;1.51011e-08;4.10817e-11;2.14388e-10;8.84409e-11;2.63372e-10;1.99429e-09;5.19654e-11;5.98053e-09;5.22496e-15;3.90825e-12;1.89457e-11;6.03173e-11;5.02007e-12;7.42088e-12;4.23231e-10;7.80058e-12
3.78428e-07;9.75973e-10;5.14001e-09;1.2583e-10;1.71998e-11;1.22429e-09;1.48876e-11;3.79283e-08;1.61584e-10;3.54592e-10;2.2846e-08;6.89327e-10;3.28379e-12;6.22568e-11;4.41944e-09;8.21691e-10;1.28645e-08;3.32998e-10;4.74749e-11;1.48462e-10;1.17184e-09;5.4779e-12;4.10807e-10;1.52501e-08;8.92904e-11;2.60058e-11;4.20029e-11;1.04747e-08;2.02986e-12;7.24467e-10;8.01688e-11;2.53867e-08;8.88997e-13;1.32235e-10;5.63151e-14;2.10394e-12;2.08512e-11;7.1432e-12;8.57436e-13;1.49486e-14;1.95412e-13;9.91685e-09;1.54831e-12;9.27918e-12;4.36797e-11;2.77184e-11;2.68385e-11;1.57025e-10;8.71755e-10;5.90343e-11;7.32999e-11;4.66179e-10;3.13913e-12;2.98059e-12;1.34804e-15;1.08783e-10;7.5728e-12;2.35573e-10;1.42859e-10;5.1873e-09;1.9409e-08;5.00966e-08;4.9586e-11;1.59109e-13;3.68288e-11;4.01635e-09;2.49453e-09;2.13982e-10;5.28657e-11;5.40798e-08;3.39052e-09;2.9176e-11;9.95684e-11;1.85079e-11;3.02458e-12;9.32379e-12;2.16642e-10;9.72682e-12;3.2244e-10;5.51563e-12;9.45544e-10;1.48985e-10;3.59741e-09;4.60529e-10;2.75289e-09;1.26406e-10;6.4066e-11;8.93748e-16;1.14752e-11;8.17335e-10;1.65244e-10;4.76062e-10;1.8084e-11;5.17214e-07;2.64958e-10;7.09124e-13;1.07331e-14;6.11114e-12;3.21103e-11;1.77336e-12;3.31822e-09;2.60945e-11;6.47952e-06;9.72102e-10;4.62884e-13;7.13285e-15;9.45506e-13;2.35394e-10;1.80499e-10;1.52088e-12;5.93993e-12;8.9926e-12;2.74757e-10;1.15993e-10;1.96532e-10;5.38385e-11;1.00127e-08;8.35233e-13;1.76752e-12;1.31831e-11;2.00882e-11;4.04878e-13;2.69453e-12;7.57392e-12;1.72432e-08;3.63867e-10;7.83198e-13;3.24806e-10;1.25351e-10;2.24253e-13;2.27273e-11;1.88278e-10;8.64648e-11;1.9531e-10;1.48656e-11;2.98244e-12;6.63985e-10;4.54756e-10;1.63254e-09;9.70985e-09;2.27522e-09;3.68184e-11;5.94139e-12;3.01343e-11;2.51709e-12;5.59405e-11;6.65518e-12;4.8641e-07;1.36314e-07;2.15869e-05;7.97447e-06;0.999738;0.000124624;2.17774e-06;1.11577e-06;2.55312e-10;9.49128e-05;2.29305e-07;2.17176e-08;1.14059e-10;2.78746e-10;7.35343e-10;9.80294e-11;8.02983e-13;1.41583e-10;2.22112e-15;4.35803e-12;9.08298e-12;4.82373e-10;4.74181e-11;2.28231e-10;2.29036e-09;9.00185e-09;3.42202e-09;2.39756e-09;2.30407e-13;6.58811e-13;2.11417e-10;4.80191e-12;1.28205e-11;7.80738e-11;2.33132e-09;2.43463e-09;3.58253e-08;3.79953e-10;8.86476e-13;6.96391e-11;1.21333e-10;6.21395e-11;1.80892e-09;6.38959e-10;4.09301e-11;2.41912e-09;4.74693e-09;3.12839e-09;2.51512e-10;1.1701e-10;8.15261e-11;2.43249e-11;7.4723e-11;3.74714e-11;3.11045e-10;7.34983e-10;6.35022e-10;6.70431e-07;1.16147e-10;1.36712e-10;1.24653e-10;4.64911e-11;9.47627e-11;1.69515e-10;4.75369e-11;1.46655e-10;6.70011e-11;1.68251e-11;9.91563e-10;5.94024e-10;3.32836e-12;3.36744e-10;1.09065e-12;3.32359e-15;1.62784e-10;2.12488e-10;1.05414e-10;3.8922e-11;6.4385e-10;8.53193e-10;3.71511e-10;6.50427e-10;9.8538e-10;1.09793e-11;4.92486e-14;2.66279e-11;1.69585e-10;4.78768e-11;5.29673e-09;2.94724e-12;8.53495e-15;5.10476e-12;1.11513e-11;1.36215e-11;9.55572e-11;7.03209e-11;1.20311e-10;3.30282e-10;7.02484e-10;3.57402e-08;1.23956e-08;2.88271e-10;6.70133e-07;6.83411e-13;3.08927e-12;2.75455e-12;4.64766e-12;3.11334e-11;1.57475e-12;1.28584e-11;2.73056e-12;1.38089e-10;5.64903e-12;2.49935e-11;8.43609e-11;1.10068e-08;9.96974e-11;3.22234e-14;4.25203e-16;5.92943e-11;1.58791e-11;1.44162e-10;4.67868e-12;2.1542e-10;3.10669e-13;7.26491e-18;1.39716e-10;3.1113e-09;7.76562e-12;3.16042e-08;2.26204e-10;8.47214e-13;2.53246e-13;1.62892e-12;1.53131e-10;2.49948e-10;7.34899e-19;1.07681e-12;3.92028e-15;6.13687e-13;1.94011e-12;2.46752e-10;4.38363e-11;1.593e-09;1.71237e-12;1.38458e-13;5.86436e-15;6.24585e-12;3.04864e-11;5.87464e-12;2.38357e-17;3.54457e-12;1.02012e-12;3.91349e-10;6.24366e-12;5.10152e-08;2.69878e-10;2.61807e-09;2.91409e-11;3.9331e-12;8.32688e-18;7.23525e-11;8.3021e-10;2.01354e-12;1.39245e-11;5.45181e-14;2.91027e-11;4.11818e-15;7.53547e-10;8.11411e-12;4.66405e-11;8.26447e-10;1.82291e-11;5.47877e-15;1.03732e-10;3.78805e-12;1.06303e-14;1.79621e-12;1.30416e-10;6.19125e-09;1.11386e-08;3.81549e-11;2.4102e-14;6.95705e-11;2.33585e-09;1.302e-10;5.90201e-12;6.1045e-11;4.50249e-11;8.4209e-11;1.22188e-12;2.45375e-10;1.00511e-10;5.99617e-10;1.86877e-10;3.48739e-11;1.26246e-14;2.61054e-12;1.51045e-09;7.94926e-12;4.75255e-14;2.74442e-14
6.5235e-11;2.22276e-14;6.70174e-11;4.54671e-13;2.7217e-11;1.17492e-12;1.88544e-12;5.79433e-08;8.00645e-12;4.21136e-10;1.20474e-10;9.1328e-11;1.07845e-08;2.42458e-12;8.58238e-11;1.92847e-09;7.03765e-11;1.68655e-12;1.55502e-09;7.50732e-11;5.74345e-11;1.70072e-12;8.96669e-11;1.23106e-10;2.9062e-12;2.95509e-09;3.42682e-08;1.2581e-11;6.06571e-14;8.10818e-13;1.0952e-13;1.59396e-09;5.57496e-13;3.20637e-13;8.11036e-08;5.50013e-11;3.47346e-11;3.67632e-11;9.1766e-08;2.76207e-13;2.07906e-12;3.97151e-14;1.16557e-11;4.34051e-12;2.37292e-11;6.42374e-12;2.20429e-12;1.88302e-11;8.5637e-12;3.02082e-14;1.47253e-07;2.15646e-15;2.12241e-11;3.92345e-09;1.98922e-10;3.92633e-11;8.4462e-08;5.13857e-13;7.4924e-12;7.69584e-12;1.12305e-09;3.77309e-13;4.54279e-12;1.80198e-10;7.23911e-12;3.6116e-10;5.01771e-11;4.78735e-11;2.0088e-12;4.20729e-12;1.95785e-11;1.87045e-12;3.50328e-10;1.56532e-09;7.88366e-09;1.13141e-11;9.26452e-11;4.07916e-10;2.49353e-12;1.47606e-09;1.23018e-11;6.12288e-12;2.52072e-12;3.21645e-12;1.54515e-10;2.4429e-13;1.44946e-10;1.51215e-11;2.29655e-11;5.90844e-11;1.34613e-11;4.58164e-11;5.21257e-11;2.89778e-12;6.83801e-13;2.96328e-10;1.60408e-09;1.93105e-09;2.52928e-10;4.55565e-15;2.40557e-11;4.42563e-14;1.35748e-11;3.46035e-11;5.63723e-11;2.03155e-07;3.6582e-12;3.14139e-10;6.9905e-11;3.2676e-10;1.14603e-11;1.28319e-10;6.70429e-13;2.25729e-11;4.83686e-10;1.11857e-11;3.6652e-13;1.73627e-14;2.46315e-10;1.16836e-11;2.88734e-12;2.12239e-13;1.24668e-11;3.24825e-18;2.83802e-12;3.71967e-13;3.49995e-13;2.13507e-15;5.73585e-15;5.64417e-10;4.48366e-12;8.71797e-13;2.55864e-12;4.54674e-07;2.06358e-11;9.87004e-10;1.47306e-11;2.72622e-11;3.15534e-11;3.98716e-10;9.24277e-12;1.07769e-09;1.73488e-10;1.09402e-11;7.04172e-11;9.76355e-12;6.41054e-09;7.90287e-11;3.22242e-13;4.99139e-13;2.15749e-12;3.21195e-15;6.96987e-13;1.58878e-09;7.97579e-10;4.58228e-12;1.85928e-08;3.40856e-13;1.60567e-10;2.0929e-11;1.0514e-10;2.58192e-10;1.2617e-13;4.7194e-10;3.59108e-11;8.04965e-11;4.55972e-11;1.02386e-10;2.85052e-08;7.15923e-11;4.83418e-12;2.62606e-11;8.62107e-11;4.17818e-12;2.61118e-11;3.22609e-13;5.85633e-10;8.65461e-09;1.2745e-10;2.597e-09;5.56165e-12;1.08711e-10;1.04935e-10;1.95937e-09;9.29044e-11;1.07477e-09;5.45049e-07;1.1359e-09;1.77843e-10;1.38057e-08;2.36099e-10;2.26237e-12;6.95695e-12;2.74889e-12;1.53617e-13;3.55584e-13;7.85275e-09;1.55202e-09;1.42948e-09;2.07441e-11;1.18771e-09;6.46195e-12;2.55655e-11;3.01776e-11;6.63781e-10;1.00244e-11;1.26378e-11;4.93538e-10;1.56845e-10;1.38494e-10;1.18077e-11;1.44758e-10;2.06735e-10;6.85864e-10;8.99348e-12;2.66651e-09;2.52059e-10;3.90804e-11;6.77131e-14;7.84348e-10;1.54655e-09;7.79742e-11;1.3669e-09;3.11934e-11;2.73633e-10;1.30996e-12;5.66071e-12;1.0661e-11;9.98555e-12;2.08414e-13;3.31306e-11;2.1509e-10;1.17712e-12;8.37055e-13;6.56999e-12;3.7171e-10;9.28968e-12;8.95096e-14;9.21317e-08;8.49429e-12;2.55455e-11;8.56469e-11;4.9928e-13;4.66017e-12;3.39996e-11;7.63281e-12;4.71921e-10;7.74923e-11;7.03763e-12;1.58789e-12;6.04323e-11;1.37866e-08;5.00847e-11;4.55365e-11;2.87489e-11;1.18731e-09;2.44917e-11;7.4824e-12;2.0795e-11;4.02828e-12;2.8385e-13;1.14215e-11;4.52409e-10;2.12124e-15;1.96981e-10;6.73196e-13;6.05716e-12;8.18473e-12;1.2154e-11;2.29401e-07;7.54544e-12;4.27538e-10;4.68405e-15;6.34635e-13;1.6591e-13;2.52066e-15;1.98731e-16;1.16429e-12;6.32267e-08;1.30861e-09;1.40205e-12;3.28481e-11;1.53194e-11;1.42996e-12;1.79346e-13;3.74734e-14;2.49802e-07;5.2006e-09;3.97771e-10;1.05508e-08;8.63124e-05;1.10382e-10;0.999893;2.08396e-06;5.83346e-09;2.4241e-08;7.31933e-09;1.57553e-05;2.38165e-08;5.88725e-07;2.62162e-11;4.74304e-15;1.15286e-11;9.66929e-13;3.03347e-12;2.63968e-13;2.51782e-08;2.05889e-13;1.41703e-11;8.77853e-10;2.72761e-10;5.41055e-12;4.56179e-13;1.83827e-10;4.73915e-13;1.06708e-11;6.61312e-13;4.31524e-14;2.09968e-13;6.31819e-12;6.11687e-11;1.98588e-09;1.24372e-10;1.06043e-07;2.12445e-12;1.80383e-12;1.60872e-15;5.27018e-11;4.08119e-11;5.74434e-12;3.26759e-14;2.59083e-12;2.29326e-11;4.98041e-10;9.46404e-12;1.35819e-10;1.53726e-10;7.87531e-12;2.59005e-12;3.73777e-12;2.90053e-11;8.68906e-15;2.36438e-12;3.65922e-14;8.90588e-14;5.00527e-11;2.7297e-11;3.69563e-10;7.32092e-12
1.56984e-07;1.90278e-12;4.42057e-10;1.98236e-13;2.38716e-10;4.96618e-12;1.11133e-11;1.34102e-09;1.75844e-11;2.53847e-10;8.74524e-18;2.94021e-09;2.94222e-11;2.70788e-10;8.12961e-10;1.34495e-08;1.04402e-09;1.68505e-10;5.95343e-12;3.40479e-10;2.4784e-09;5.90349e-11;3.40412e-10;4.38204e-09;4.90506e-09;2.86418e-12;7.14981e-12;8.8194e-10;6.63198e-13;1.77788e-13;7.61278e-15;9.69019e-13;4.0804e-12;3.58521e-10;8.21344e-13;1.04634e-09;1.35738e-11;3.21277e-11;3.65622e-12;1.49026e-10;1.20787e-13;4.87247e-13;1.19692e-10;4.56717e-14;6.41428e-10;7.27172e-09;4.0309e-10;8.94269e-11;3.96048e-12;7.35299e-15;6.49959e-12;4.45013e-09;4.54055e-10;1.78278e-11;3.07621e-12;2.65839e-10;1.27885e-10;7.22885e-10;2.03726e-09;1.82685e-09;6.96669e-08;2.25565e-09;3.74735e-10;5.32817e-09;5.04048e-10;2.62034e-09;2.30462e-10;3.14265e-10;8.30377e-10;1.14673e-09;5.14893e-11;3.31407e-07;1.4621e-12;5.8083e-11;4.38383e-11;1.38752e-09;1.92749e-10;7.05936e-10;2.46903e-09;1.97093e-09;9.94305e-10;2.33483e-10;3.04609e-09;2.38153e-11;3.81707e-10;7.08184e-10;4.48898e-10;1.21885e-13;5.55583e-09;4.35065e-10;1.03151e-10;9.23212e-10;2.84916e-10;5.74898e-10;2.2234e-11;3.7674e-12;2.26894e-13;9.78371e-11;6.22333e-10;1.51038e-09;1.47815e-11;2.87848e-13;4.43519e-09;1.34268e-08;3.00013e-09;3.08466e-11;9.02657e-10;1.01743e-10;1.89985e-10;2.51317e-11;1.10431e-10;7.99209e-11;5.62545e-10;2.04566e-10;7.14575e-10;4.06548e-11;1.50896e-12;2.6812e-13;1.37685e-14;4.59632e-10;7.2372e-11;1.92266e-11;2.60484e-10;1.70841e-11;2.29373e-12;1.52169e-13;4.80857e-08;1.5527e-07;8.21237e-15;1.03549e-11;2.07135e-10;1.45087e-10;3.25061e-10;1.18859e-09;9.59537e-11;8.0201e-13;1.56264e-09;1.76554e-09;2.32109e-10;6.34018e-09;3.1241e-07;7.81383e-11;1.98675e-11;1.36226e-09;1.81368e-12;5.85805e-10;3.21016e-09;4.65526e-10;4.24877e-11;2.50547e-12;1.05185e-12;3.21383e-14;1.28455e-11;5.98235e-10;1.36916e-13;6.58052e-10;1.20185e-10;3.01497e-11;3.25329e-11;1.34087e-09;8.07902e-10;6.01361e-10;1.82103e-11;1.39298e-08;2.24284e-10;3.7191e-13;7.81035e-12;4.22062e-11;2.91136e-10;5.3235e-09;3.29945e-08;1.50326e-09;3.11597e-10;9.86555e-11;1.00492e-07;2.77757e-09;5.89528e-12;1.12602e-09;1.60753e-09;4.69853e-11;2.94063e-10;1.55974e-09;9.42516e-11;6.07576e-08;8.72914e-08;1.24832e-10;1.11198e-10;1.94916e-11;9.07574e-10;1.60708e-10;2.08957e-08;1.20177e-09;2.64241e-10;1.11189e-11;3.64414e-09;3.04256e-09;1.57678e-08;6.723e-10;1.05155e-10;5.64987e-10;3.55418e-10;5.94742e-10;4.87452e-10;3.73337e-10;2.12225e-10;8.68342e-08;2.82067e-09;1.0985e-09;1.65395e-09;6.59143e-11;6.37809e-10;5.4688e-11;2.45544e-09;5.15736e-07;1.31669e-05;5.92633e-07;8.87275e-07;0.998518;0.00122257;0.000192185;3.48816e-07;7.33285e-08;4.96294e-05;3.37964e-07;4.5538e-08;1.3225e-09;5.89915e-10;2.45782e-09;1.0727e-10;1.44323e-09;6.46936e-09;2.22329e-10;3.64662e-10;2.1203e-11;4.75876e-12;3.94654e-10;8.47101e-10;2.5805e-14;2.95288e-11;7.7782e-10;9.41311e-11;1.03759e-12;1.0274e-10;1.54588e-12;4.06225e-10;4.45814e-11;5.21495e-12;9.77993e-13;5.87729e-11;6.4551e-11;8.92135e-14;2.59004e-15;5.1116e-10;1.28462e-10;2.59883e-10;2.14178e-11;3.31896e-09;1.00214e-11;4.19368e-10;2.22306e-10;7.66461e-12;3.21936e-11;3.40844e-10;4.95246e-11;7.74753e-13;7.43186e-11;8.59936e-10;1.46609e-10;1.15856e-10;8.47348e-11;2.29536e-10;3.74342e-10;2.9653e-20;5.44429e-10;1.12151e-11;2.81115e-13;9.78355e-09;9.12709e-10;3.75731e-10;4.9468e-16;9.86901e-11;5.65825e-11;2.33081e-11;1.05775e-14;3.06245e-10;1.42019e-11;2.88334e-10;8.76713e-11;1.07341e-11;9.03802e-14;1.49979e-12;2.29284e-08;5.52395e-12;2.04673e-15;3.25152e-11;2.51183e-09;5.24604e-10;4.89649e-09;5.26749e-08;6.73398e-10;3.50907e-10;2.50386e-12;5.5415e-12;9.44773e-13;8.3697e-10;4.17536e-11;1.85907e-12;5.86552e-16;5.07997e-10;7.4419e-11;6.13181e-09;1.47739e-10;5.18724e-12;1.10357e-10;6.33723e-11;1.3843e-11;2.12875e-10;6.61572e-14;4.62583e-12;7.60919e-12;8.96347e-13;1.68135e-10;1.25776e-10;9.21177e-10;1.94588e-09;3.91451e-10;4.3361e-11;1.28598e-11;1.08726e-12;4.35496e-13;1.00293e-09;7.30968e-10;3.26788e-10;1.19376e-08;4.58214e-11;2.28997e-09;1.10616e-09;4.35679e-12;1.23349e-10;2.04484e-10;5.44157e-13;6.15101e-14;6.75806e-11;5.71936e-14;4.66208e-11;6.11557e-11;1.71009e-11;3.98397e-12;1.31913e-10
6.24888e-10;1.9721e-11;2.17108e-12;1.57091e-12;2.28023e-13;1.33098e-11;5.09034e-12;1.77291e-10;1.45441e-12;1.69492e-12;8.9656e-12;2.65514e-14;7.50811e-14;1.32991e-12;7.28136e-12;1.58139e-10;2.27665e-11;2.56388e-12;7.00785e-13;2.10947e-12;7.26273e-09;5.97317e-13;3.28353e-12;1.44404e-11;5.74947e-13;9.90524e-13;4.75263e-13;0.999999;5.52077e-13;4.70954e-11;1.99899e-13;1.04867e-09;2.79663e-10;1.12689e-16;1.4387e-13;4.61994e-13;4.97007e-13;8.1823e-13;5.38034e-14;9.76562e-14;5.44406e-15;2.41292e-10;1.43335e-11;2.06713e-14;1.14076e-09;4.54571e-10;3.23499e-12;7.91555e-13;8.63464e-13;2.63949e-13;8.45677e-11;4.38387e-11;1.4851e-14;2.25386e-11;4.92604e-14;8.54218e-11;3.86411e-13;8.72114e-13;1.08069e-11;6.48115e-12;3.58241e-11;1.13105e-10;3.70469e-13;2.33191e-12;7.52598e-13;4.49211e-13;9.52928e-12;1.40353e-12;1.9107e-11;2.81656e-11;7.40609e-12;9.71918e-11;2.03942e-12;5.74692e-13;1.13808e-12;2.21195e-12;4.29013e-12;3.09253e-12;3.10482e-11;4.68866e-12;2.16621e-12;1.08944e-12;2.9822e-11;2.74847e-11;1.21362e-16;7.09535e-12;2.94067e-11;7.01453e-16;7.16458e-13;5.05748e-12;9.7641e-13;3.34552e-12;1.00718e-12;1.18164e-13;2.21783e-13;5.38401e-15;3.11013e-14;1.25272e-12;6.95161e-13;5.27e-11;1.87486e-11;7.53669e-14;2.97628e-11;6.10884e-10;5.06667e-16;8.54e-15;3.78044e-12;8.59604e-13;3.21077e-13;3.31166e-13;8.81261e-13;8.74716e-14;1.23164e-12;6.26485e-13;4.34971e-13;2.967e-11;2.38258e-12;3.3474e-14;3.40052e-14;2.16784e-13;1.88895e-12;1.53344e-10;1.39246e-12;1.43945e-12;1.46463e-11;2.41264e-13;1.11495e-13;1.96892e-10;5.51758e-16;3.59667e-15;2.59281e-14;1.45633e-12;8.24998e-12;1.96571e-15;7.95313e-12;6.63881e-15;3.01023e-12;1.29255e-11;4.337e-12;5.9292e-12;5.86069e-11;1.56e-12;2.60943e-13;1.76327e-12;2.53762e-12;9.28432e-12;3.42831e-11;7.43478e-12;7.2173e-13;8.49984e-11;3.48219e-13;2.529e-11;1.15093e-12;6.98367e-14;8.37913e-14;4.73185e-13;2.27507e-13;1.3095e-12;7.57295e-14;1.80064e-12;7.45325e-12;6.09594e-12;2.33926e-10;4.25463e-10;3.09055e-13;2.42811e-14;1.55906e-15;4.24158e-13;4.16373e-13;2.29897e-11;1.71072e-11;1.40696e-11;1.29296e-12;6.12544e-10;3.4784e-15;2.17108e-12;4.50264e-13;7.36763e-13;6.04349e-13;1.42229e-12;8.16827e-12;1.22672e-12;2.37354e-10;1.18542e-10;1.56696e-11;3.84827e-12;1.44045e-10;3.13993e-13;1.10661e-10;1.42629e-11;2.43522e-12;3.06806e-12;4.42246e-11;5.16185e-13;1.69964e-10;4.48574e-12;3.58996e-13;2.68796e-13;1.07252e-13;5.98321e-13;2.77692e-12;7.9893e-13;1.18697e-11;1.43039e-12;6.05051e-11;9.53131e-11;1.58068e-11;6.12555e-12;1.66531e-12;9.92587e-12;3.42221e-13;5.07092e-12;4.3847e-12;4.19121e-12;8.16864e-12;3.28975e-12;1.58107e-11;2.67186e-07;5.37577e-12;3.38536e-15;1.11293e-14;6.69482e-12;3.10367e-11;9.07386e-12;2.60924e-12;1.60556e-12;2.35086e-11;1.43623e-11;6.14142e-12;1.66761e-12;3.91489e-11;1.20674e-12;1.51275e-13;3.48556e-12;7.5104e-13;8.64408e-13;1.37998e-12;1.0988e-14;8.39842e-14;6.17776e-14;4.69936e-13;3.76207e-14;1.2111e-11;5.67521e-13;9.29334e-12;2.57768e-13;3.6297e-11;2.34968e-13;4.3612e-11;7.37247e-11;6.58503e-15;2.99154e-16;1.84031e-12;3.16933e-12;2.782e-12;6.37237e-13;1.17324e-12;3.44152e-12;1.50053e-12;6.14116e-13;1.73309e-12;3.01117e-13;5.83144e-08;1.34257e-11;1.18458e-14;6.26612e-14;1.07389e-11;1.1913e-12;6.68144e-12;6.1827e-12;2.53073e-11;3.80625e-12;1.79042e-12;1.23236e-11;1.18661e-12;4.88495e-12;8.7882e-10;1.77411e-15;1.67548e-15;9.71182e-18;7.51441e-11;7.53399e-11;8.39703e-12;1.8206e-12;3.29227e-11;2.55818e-13;3.26089e-13;2.17992e-11;5.12693e-10;7.27236e-13;3.6026e-13;5.14644e-13;2.33594e-15;2.54506e-14;7.44129e-13;1.56035e-12;2.10358e-12;2.2173e-14;7.53493e-14;5.4026e-14;5.15244e-13;6.74751e-14;4.0535e-11;2.78389e-12;2.03809e-12;1.72868e-11;3.7839e-16;3.56203e-14;1.03248e-12;3.51042e-13;1.8317e-16;9.84113e-14;4.99586e-13;6.46978e-12;2.6722e-13;1.58724e-12;1.19307e-11;4.36168e-12;3.209e-07;1.14493e-15;1.17275e-11;4.6904e-12;2.16329e-11;3.1439e-10;9.80832e-12;2.82092e-12;3.36218e-10;1.12002e-11;5.51995e-13;2.88162e-16;6.06328e-11;2.59756e-10;2.36701e-11;1.26921e-12;5.02273e-12;8.78469e-12;8.8313e-09;4.68699e-10;2.33362e-12;5.57239e-12;2.47121e-13;1.18868e-11;1.97537e-11;1.3608e-12;6.37055e-13;2.93003e-12;1.92057e-13;1.10598e-14;2.83783e-15
3.34241e-19;1.39707e-17;4.36773e-18;5.42449e-19;1.15977e-17;1.02801e-15;2.23521e-19;7.55417e-19;8.1542e-20;9.6769e-19;4.55357e-18;3.03161e-20;7.25923e-20;3.75619e-19;9.67592e-19;3.2286e-19;7.49574e-17;1.92896e-19;2.02957e-19;2.57251e-18;1.47112e-14;1.35203e-19;1.20954e-18;7.32892e-19;2.37248e-20;1.77974e-16;1.37329e-18;8.29635e-17;3.97344e-19;9.92864e-18;1.98146e-17;5.64764e-19;4.61948e-18;1.84821e-22;1.35313e-17;2.30602e-20;1.96671e-19;8.23532e-19;2.08236e-19;4.22097e-20;1.73151e-20;2.87096e-17;3.89597e-19;5.21994e-19;1.15586e-17;5.99669e-21;2.15084e-20;3.1563e-20;3.55201e-17;7.67953e-15;7.81586e-26;2.35869e-22;4.18868e-21;2.03471e-24;2.72062e-19;3.60255e-18;2.24412e-19;1.36856e-18;2.62625e-17;1.78905e-18;4.81523e-21;1.2369e-17;1.20339e-18;5.25325e-17;6.42793e-20;5.03824e-19;7.04322e-18;8.77825e-19;8.10685e-19;2.98078e-17;1.3932e-17;1.83616e-18;3.34616e-20;8.5255e-16;2.21142e-22;6.70314e-20;6.92145e-19;1.96706e-20;1.05698e-18;1.57025e-19;5.64236e-19;1.03403e-18;1.26154e-17;4.40289e-19;1.18414e-19;5.65786e-20;3.11718e-16;3.26511e-21;9.26874e-20;2.33348e-19;3.08858e-19;1.4521e-17;1.79379e-18;7.3783e-21;4.29652e-19;2.19496e-16;1.05919e-18;1.99264e-20;2.97151e-19;2.80787e-19;1.11097e-17;1.40316e-18;2.26907e-19;1.00966e-18;1.35925e-19;6.36328e-20;2.26105e-19;9.97735e-20;4.21106e-19;1.18881e-17;2.46e-19;2.10097e-19;2.23285e-20;1.39032e-19;1.19209e-19;9.28794e-19;1.57352e-19;1.23459e-19;1.71217e-19;4.352e-21;3.27813e-19;2.48702e-20;5.44578e-18;1.22208e-20;1.17065e-18;5.06496e-19;2.41793e-21;2.84809e-19;8.16846e-20;4.72104e-23;4.04052e-21;1.94514e-18;3.16591e-18;6.34743e-22;3.03035e-21;7.27026e-21;1.37073e-19;7.25798e-18;2.49683e-18;4.6257e-21;1.62457e-19;1.42896e-16;2.42523e-20;1.1595e-19;5.48e-18;1.11858e-19;4.7593e-17;4.36692e-19;2.79441e-20;2.75262e-17;1.26283e-19;4.26e-20;1.12274e-20;1.96791e-20;3.77631e-20;1.70554e-20;4.92097e-20;5.45891e-21;7.05841e-20;8.67727e-19;3.84035e-18;3.66474e-18;2.24312e-20;2.43108e-17;2.2514e-17;7.36464e-19;2.30279e-19;4.41081e-19;2.6403e-19;2.14009e-18;4.98973e-19;1.30184e-17;2.43392e-18;4.87216e-19;9.30139e-21;1.03045e-16;1.01317e-17;5.70385e-18;1.22566e-18;1.4209e-17;8.21708e-19;1.67286e-17;5.96897e-17;8.35973e-18;1.42208e-19;1.27189e-14;1.21256e-17;8.33959e-18;6.83748e-18;5.45044e-17;2.17513e-18;5.9752e-19;1.55774e-17;1.85238e-18;5.20537e-18;6.71812e-19;9.02401e-17;7.92902e-19;1.24308e-16;2.09768e-18;4.00874e-18;6.47206e-20;9.96475e-18;5.70139e-19;6.12739e-19;3.41116e-17;9.34851e-17;9.03573e-19;1.25803e-19;6.81629e-19;1.32188e-19;7.40218e-18;6.66599e-18;1.48608e-18;1.14593e-19;3.25724e-18;6.61832e-18;6.87487e-18;4.43495e-18;5.16131e-20;1.93199e-19;1.36189e-19;2.45013e-19;1.76243e-19;1.41711e-19;1.92909e-19;3.63391e-17;3.69419e-18;1.28439e-19;4.72627e-17;9.25726e-18;1.55044e-19;3.34242e-20;7.23435e-19;3.47882e-18;8.89683e-19;2.38058e-19;2.1019e-18;5.33942e-19;5.48382e-20;2.94202e-18;6.71423e-21;1.13019e-19;1.13704e-19;3.24848e-18;2.92237e-19;7.60401e-18;1.76863e-17;3.63385e-19;9.89854e-17;3.17629e-18;3.43271e-21;1.14412e-19;5.94551e-19;9.54691e-20;4.94264e-20;1.85121e-19;5.99499e-20;3.17115e-19;2.59228e-20;4.42983e-18;3.07318e-19;9.38807e-22;5.40644e-17;5.86088e-20;1.40274e-21;4.42549e-20;1.27869e-19;2.79541e-19;4.9924e-19;2.36712e-19;2.63285e-19;1;7.12208e-17;3.91254e-14;3.02042e-13;1.48031e-11;7.89093e-16;3.41274e-11;4.09804e-09;2.24699e-16;3.11059e-14;7.34807e-16;2.18138e-12;4.65806e-15;1.64989e-15;2.05553e-19;2.77682e-18;1.94019e-15;3.85879e-18;7.55598e-18;9.58667e-19;2.30018e-19;1.32863e-22;3.05618e-19;7.56721e-20;1.10075e-17;6.01186e-22;1.07244e-20;4.90682e-20;3.78935e-19;6.02301e-18;9.52801e-18;1.34825e-17;1.52317e-22;6.64361e-20;3.7891e-19;4.92259e-22;5.03975e-20;7.8127e-18;4.3798e-21;1.86969e-23;1.02568e-18;5.40813e-19;2.37664e-19;3.91148e-17;1.3885e-18;1.44353e-20;4.50372e-15;2.01581e-20;7.86561e-18;1.11303e-19;6.80482e-18;2.90681e-24;2.80923e-19;8.53648e-20;7.77259e-17;2.44466e-20;2.84689e-19;1.71563e-17;3.60099e-18;1.43552e-17;4.14707e-18;9.13146e-21;6.41178e-20;1.92987e-21;1.92217e-16;5.53747e-22;5.50815e-20;5.15062e-19;5.29642e-19;1.79203e-21;9.22898e-20;2.43381e-18;1.01161e-19;9.44913e-20;2.66191e-20;2.97079e-20;1.1697e-21
1.49707e-20;3.50441e-17;4.8622e-17;1.90068e-18;2.21054e-15;4.16002e-15;2.70043e-18;1.78282e-14;1.15319e-16;2.90611e-15;2.26076e-14;9.77815e-16;4.89581e-18;1.22332e-15;2.12696e-15;2.13442e-18;8.44624e-17;1.97219e-16;4.92751e-17;1.61452e-16;7.79691e-15;1.60881e-17;4.38919e-16;4.40308e-15;2.40505e-16;4.36855e-15;2.68108e-16;4.31022e-16;6.15191e-19;2.80673e-17;3.02237e-18;2.17714e-14;4.39543e-16;5.18253e-16;6.82278e-20;1.24604e-16;3.02163e-16;3.75393e-16;9.24872e-15;6.0133e-15;1.10133e-18;1.12725e-17;3.68514e-15;1.49344e-18;1.30506e-15;1.45687e-16;1.49019e-18;5.63312e-19;5.36074e-16;4.30568e-18;1.85223e-20;2.31556e-16;2.19932e-19;2.25863e-20;6.48256e-14;1.34855e-14;2.33532e-15;1.93857e-16;2.84009e-16;1.15572e-15;1.07825e-17;5.38416e-17;4.19216e-18;9.26341e-16;2.42676e-17;1.4e-13;1.56782e-13;1.46505e-14;1.11402e-17;1.41528e-16;1.09282e-17;1.24275e-14;4.1906e-17;1.09129e-15;7.63141e-19;9.4584e-17;1.43988e-16;6.65002e-16;7.02005e-16;4.76455e-17;6.33235e-16;4.27906e-15;2.78669e-15;3.65403e-16;3.57195e-13;2.39238e-15;1.53768e-17;9.55304e-17;5.71791e-16;1.30666e-16;2.2553e-16;6.21333e-16;4.66777e-17;1.62364e-15;1.17989e-13;9.27243e-16;5.91423e-18;6.74506e-17;7.3745e-17;1.4789e-19;1.6494e-17;1.75964e-18;4.03109e-16;3.83046e-17;1.22939e-20;1.42815e-17;5.05967e-16;1.29819e-16;1.37807e-16;1.09302e-12;1.766e-12;7.52516e-14;1.51907e-15;1.09634e-16;3.47745e-17;2.26664e-19;2.62579e-18;1.41216e-14;5.8681e-16;1.79867e-13;1.67528e-12;4.42611e-12;6.737e-13;9.97184e-21;3.4411e-19;8.21006e-21;2.02554e-21;5.90242e-19;9.28592e-21;1.8042e-20;7.06456e-16;2.15184e-16;1.99797e-16;1.34654e-11;6.67145e-12;3.22429e-12;1.08598e-17;1.53166e-16;2.92165e-17;7.51527e-19;3.82563e-17;2.99583e-18;1.55992e-17;4.15638e-16;7.19235e-14;1.94686e-13;3.55029e-14;7.21837e-16;3.17987e-18;2.60861e-17;4.5319e-18;1.03519e-19;2.68e-18;2.52999e-18;2.06341e-17;5.92355e-17;1.42683e-11;3.50607e-12;9.03319e-14;1.64508e-16;3.12783e-16;7.05312e-16;1.60198e-18;1.4625e-16;2.47281e-17;2.09886e-16;3.18988e-11;2.84637e-11;1.02257e-13;3.20416e-16;2.8828e-16;4.36052e-16;3.09682e-18;2.55975e-20;6.63349e-18;3.24688e-17;1.2086e-16;4.10486e-12;5.48625e-11;7.0899e-13;2.66648e-17;1.36396e-16;5.86898e-18;5.95096e-17;1.40652e-16;5.16333e-18;1.55701e-18;5.64107e-14;1.69286e-12;2.64752e-14;2.16219e-15;7.6801e-17;7.19567e-16;5.0255e-17;1.9233e-17;9.71965e-16;7.6457e-18;4.89532e-17;8.79355e-13;1.55692e-11;1.56391e-13;5.47188e-17;1.06688e-16;1.06835e-17;1.05326e-17;1.08081e-16;5.57203e-17;9.73454e-16;2.39571e-16;5.59577e-16;6.68797e-11;1.62483e-13;3.71051e-13;4.49912e-17;8.25386e-19;3.98219e-17;7.38477e-18;4.98483e-15;1.30816e-15;1.22235e-16;4.34367e-20;3.18641e-17;2.08342e-16;1.81571e-16;7.80382e-17;7.97887e-17;1.63932e-16;4.76255e-17;1.80304e-14;6.80575e-16;7.15051e-17;1.27465e-16;5.22849e-18;6.62088e-16;2.09069e-16;2.03392e-15;1.76011e-14;2.78428e-19;1.02204e-20;2.01118e-16;1.02788e-16;6.00808e-18;1.44526e-17;4.78379e-17;8.80651e-16;1.46897e-17;1.16904e-16;8.23557e-17;1.03165e-15;6.77908e-16;6.32688e-15;2.61739e-15;2.18682e-16;3.09044e-15;2.59954e-16;2.87027e-14;4.51001e-16;6.51486e-15;2.49844e-15;2.5136e-16;5.88743e-15;1.38729e-16;4.64046e-17;9.01953e-16;6.54026e-18;2.69259e-19;4.42068e-17;2.45892e-16;5.31436e-16;3.27282e-17;2.80861e-17;9.21711e-17;5.79952e-14;1.17751e-16;1.2564e-15;4.39712e-16;8.36739e-13;3.37454e-14;1.46112e-14;1.69211e-09;2.0454e-13;9.3761e-14;2.77583e-13;1;1.81249e-10;1.31157e-13;1.01697e-13;2.60727e-19;1.11148e-17;6.94707e-19;1.36661e-17;2.05896e-15;2.01455e-19;1.11413e-20;2.73522e-15;6.34178e-16;1.69166e-16;3.82323e-15;3.81375e-16;1.44135e-16;7.15198e-16;6.87999e-20;1.03537e-18;3.64576e-17;1.21214e-20;4.40731e-16;4.64315e-19;8.72395e-17;3.02408e-16;7.37044e-16;1.37623e-09;1.17414e-12;4.04662e-13;6.79389e-16;7.30093e-16;7.70812e-16;3.83047e-15;6.54054e-17;1.99381e-12;4.2369e-16;2.34397e-18;2.94203e-16;3.55478e-16;9.69381e-20;3.13192e-18;1.88899e-16;3.41225e-17;2.67721e-16;5.59725e-17;8.72287e-13;4.83734e-16;6.80274e-17;3.87805e-17;1.96419e-16;3.61361e-16;9.09158e-17;9.81512e-16;4.47651e-23;2.50358e-16;1.15955e-17;2.26635e-15;6.58036e-16;8.98937e-19;2.91423e-14;7.77587e-17;3.0067e-17;4.08033e-17;1.44159e-16;1.30504e-15
5.81353e-14;1.65046e-11;3.67966e-13;1.38514e-12;7.6253e-13;1.82586e-10;1.63512e-11;9.56658e-11;6.47908e-12;7.15702e-12;5.08583e-15;1.40324e-13;2.91052e-14;6.55349e-13;4.30807e-12;2.48411e-12;4.25683e-12;7.71144e-13;4.82951e-11;9.66217e-12;3.90262e-13;3.80427e-14;4.48746e-13;1.36291e-12;1.4814e-12;2.95165e-12;1.59065e-11;1.76256e-13;7.63124e-16;7.75065e-12;2.62806e-13;1.49298e-13;5.07694e-13;4.2535e-12;6.31223e-16;4.66e-13;1.02309e-12;4.04549e-13;2.88572e-13;5.15523e-13;8.10785e-15;1.12226e-12;1.34995e-09;3.05424e-13;7.20872e-13;2.40496e-12;2.30826e-14;9.22898e-15;2.01541e-11;2.01357e-13;1.63012e-12;7.85631e-16;3.41827e-14;1.68249e-13;3.05628e-12;1.01677e-11;4.62379e-13;8.56159e-14;1.76077e-12;3.33002e-12;3.44528e-14;8.05234e-15;5.30968e-14;1.11597e-12;4.27403e-14;1.04844e-12;1.41158e-12;2.91944e-12;1.10017e-14;6.22126e-13;8.73323e-14;4.43065e-15;9.49328e-13;5.60579e-18;6.97886e-15;3.97971e-14;1.06339e-13;7.3915e-13;3.0341e-13;1.48232e-14;5.95459e-13;5.13788e-14;2.19802e-12;1.43104e-12;4.54513e-11;1.64613e-13;6.1286e-16;1.54735e-13;1.57476e-12;4.06755e-13;1.51137e-12;1.60861e-12;9.68917e-14;4.34179e-13;6.97611e-13;1.04519e-12;4.2711e-13;2.1447e-14;2.74758e-14;1.08882e-15;5.78018e-13;1.293e-14;5.52344e-16;5.09448e-13;1.1503e-17;1.06903e-13;4.07555e-13;2.84262e-13;1.01571e-13;4.06058e-15;8.50714e-15;3.4319e-14;1.47581e-13;1.4349e-12;2.28422e-12;2.66806e-13;3.97235e-12;9.62327e-12;2.90746e-11;3.79688e-12;1.08018e-10;6.43144e-11;1.17383e-11;6.67366e-18;2.28759e-15;8.62608e-15;5.94119e-15;2.37475e-13;2.73671e-19;3.79796e-17;1.11688e-13;6.90143e-14;1.54151e-13;5.80312e-11;7.04271e-13;9.50833e-12;7.61056e-14;1.10432e-12;7.98272e-13;1.73365e-16;1.43874e-13;5.32782e-16;8.45487e-12;1.22641e-13;6.41179e-12;2.32092e-13;2.39327e-13;1.02718e-13;7.68318e-15;1.3722e-13;1.84789e-14;2.37416e-15;1.1901e-13;6.96281e-17;1.2897e-12;1.9401e-13;9.36774e-13;6.02198e-11;1.04139e-11;1.58497e-12;8.60901e-13;9.14809e-12;7.35777e-13;2.20998e-11;7.24619e-15;1.18807e-12;1.70446e-10;5.49319e-11;3.39714e-14;4.43742e-12;2.11159e-13;2.90911e-12;1.09972e-13;2.50004e-16;4.65326e-12;3.20813e-14;6.2813e-14;9.8456e-14;7.34303e-11;1.3181e-12;2.62063e-14;7.77349e-13;1.20112e-13;1.84703e-14;1.25811e-13;1.2291e-14;4.20112e-13;2.71737e-13;9.90328e-12;1.19246e-13;1.73845e-13;9.31036e-14;3.95159e-11;3.04384e-12;1.34034e-14;9.14714e-12;3.73429e-13;4.61424e-14;1.54342e-12;3.22059e-11;4.43752e-13;1.0734e-13;1.16443e-12;2.29097e-14;3.81941e-14;1.14749e-14;1.22616e-14;1.95928e-13;8.78927e-14;5.76672e-13;4.29892e-12;1.72217e-13;2.1613e-11;3.10559e-14;2.18854e-15;9.65693e-13;2.50099e-13;2.34167e-15;1.65505e-15;1.26059e-14;2.91871e-15;4.54858e-14;2.15113e-14;1.24215e-13;7.83778e-14;6.07008e-13;1.77717e-11;9.91908e-12;6.52386e-11;6.61263e-13;1.13496e-12;2.00196e-11;3.05207e-14;6.32749e-11;3.13249e-12;4.12372e-12;1.39002e-11;5.37766e-16;1.27993e-14;8.33389e-14;2.53339e-13;2.16673e-11;4.6333e-13;6.80147e-13;1.08617e-11;2.92003e-14;3.43257e-12;2.26358e-13;3.09214e-12;4.6309e-13;3.26353e-16;5.18555e-12;7.93657e-14;2.99508e-12;3.48048e-12;5.79988e-12;1.47089e-11;6.3706e-12;7.25868e-13;3.4836e-13;5.94915e-12;2.11068e-11;2.44784e-12;6.06052e-16;2.52858e-14;1.32196e-13;2.45729e-13;2.55464e-13;1.67114e-12;7.96954e-13;6.50381e-13;1.52673e-13;6.24793e-20;1.51517e-16;1.24117e-13;3.44152e-15;5.8898e-16;1.55172e-12;1.56724e-19;8.57601e-11;8.53794e-14;7.74889e-12;1.27415e-11;2.38942e-11;1.25576e-12;1.29796e-15;1.11889e-11;3.71118e-15;1.5235e-11;1.56071e-13;1.19109e-18;4.80147e-10;1.42194e-21;3.47386e-07;7.04347e-13;4.43099e-12;3.52491e-12;9.49869e-12;2.08899e-11;5.52693e-12;7.46702e-13;8.99271e-16;1.41258e-14;1.92012e-14;6.57681e-14;8.04656e-13;2.93366e-18;4.00764e-15;2.07047e-13;6.98605e-13;1.69057e-11;1.97065e-12;1.14984e-13;1.94183e-09;3.36985e-10;1.06116e-08;5.25616e-09;8.33411e-06;0.999955;3.59487e-05;9.93381e-08;1.15335e-08;1.48592e-10;2.37814e-17;1.59767e-13;1.69576e-11;2.67528e-14;3.88956e-13;9.80626e-16;1.44146e-11;2.42217e-13;6.42325e-13;3.36736e-13;7.79473e-14;5.79187e-13;3.79196e-13;3.83622e-11;1.89363e-19;2.44318e-13;1.8892e-13;2.00402e-10;1.0586e-13;3.69558e-15;1.99407e-12;2.74066e-13;2.65843e-12;3.50067e-13;5.32343e-13;9.14927e-14
2.97238e-13;5.80281e-13;1.53661e-14;1.72497e-13;1.00545e-12;8.73782e-14;3.63013e-12;1.36549e-12;7.25698e-12;3.05201e-11;5.03968e-08;3.01569e-13;2.44271e-15;1.09344e-13;7.04413e-13;3.27772e-13;3.03173e-12;4.06116e-13;3.23725e-14;1.12439e-12;3.83149e-11;6.35836e-15;8.28412e-13;2.32077e-14;1.22728e-11;3.14685e-13;2.18066e-13;2.37126e-13;1.52189e-15;1.86621e-13;1.58988e-13;5.40203e-14;2.25919e-13;1.83752e-12;3.59244e-17;3.93691e-14;1.87085e-13;7.25426e-14;8.93157e-14;1.05677e-11;6.35212e-14;1.98411e-11;5.8836e-16;4.00464e-14;1.89576e-13;3.7953e-14;8.82042e-14;4.7295e-15;1.58488e-11;2.19696e-12;1.17745e-10;4.85139e-13;1.70296e-14;1.07118e-14;4.81504e-15;1.21469e-12;7.82794e-15;2.16539e-13;1.8652e-13;6.76264e-11;3.43983e-12;1.31185e-10;7.90129e-13;5.71327e-14;6.15659e-14;1.77643e-12;1.18586e-12;2.93567e-12;5.09392e-14;5.90706e-12;9.29324e-13;5.41932e-12;5.27924e-10;5.27511e-14;2.13274e-17;3.88272e-13;3.27462e-13;3.53504e-14;5.96818e-13;1.67812e-12;1.38689e-11;6.76398e-13;2.9876e-12;2.05759e-11;1.35806e-08;1.3104e-10;1.69412e-11;6.32704e-16;2.68173e-12;8.6601e-13;3.45279e-14;1.19755e-12;1.96115e-13;8.10848e-12;2.93715e-11;3.28758e-13;8.55908e-16;1.41006e-12;6.79818e-14;1.19991e-13;1.91393e-13;6.60408e-13;1.03931e-11;6.91162e-13;8.42806e-15;5.45115e-15;2.9056e-14;1.15821e-13;3.88136e-13;3.60628e-13;1.02209e-13;1.57045e-12;5.63967e-12;4.24593e-13;1.26317e-12;1.20403e-13;1.05085e-09;5.72838e-11;1.03526e-13;2.96472e-13;7.65032e-12;9.26683e-13;4.44106e-13;2.06964e-16;6.80955e-17;3.4576e-14;9.19468e-14;3.82022e-14;3.21072e-18;1.32694e-19;7.33821e-14;2.27421e-12;1.75763e-13;1.05674e-14;8.35205e-14;2.64158e-16;8.06708e-15;3.91273e-13;1.08082e-12;1.11902e-13;4.54879e-12;1.81185e-14;4.11348e-14;3.94443e-13;4.56212e-13;4.46994e-11;5.20151e-13;1.24482e-13;1.3931e-14;1.46599e-12;1.85967e-13;2.56618e-14;3.76646e-10;3.35437e-14;1.74029e-15;2.00628e-13;3.36773e-16;2.10198e-13;5.67304e-14;5.76755e-14;2.57795e-13;1.17801e-12;2.98135e-10;5.4068e-10;7.69705e-13;8.49784e-16;1.63594e-14;2.77063e-12;6.79044e-14;8.4029e-12;8.06147e-14;1.45431e-12;1.46549e-13;9.01019e-11;7.30394e-12;7.56096e-14;7.59172e-16;3.23902e-14;2.81571e-11;3.3713e-13;8.01007e-14;2.14311e-12;5.70351e-13;2.14054e-12;1.13683e-12;1.18379e-12;3.60819e-15;1.96938e-13;2.40461e-12;1.4614e-13;2.25265e-12;6.87994e-15;3.56651e-13;2.6388e-13;2.06421e-14;5.61468e-12;2.93271e-13;1.39119e-15;3.52432e-14;3.01283e-12;1.96356e-13;4.43607e-14;1.01629e-12;9.56087e-14;5.63812e-12;1.77914e-11;2.14379e-12;9.02427e-14;1.97771e-14;2.18215e-13;3.06199e-13;5.1867e-13;4.66917e-13;6.6092e-13;1.01935e-15;3.00209e-13;9.40583e-13;6.98765e-13;1.5713e-10;1.07654e-12;7.4649e-17;1.38426e-13;4.99704e-13;2.29728e-12;2.66762e-13;1.64378e-13;2.01792e-12;6.62153e-11;2.79025e-12;1.2378e-11;7.99906e-13;5.63438e-15;2.05783e-13;2.53404e-11;2.28545e-13;4.18117e-10;5.39116e-13;7.90834e-13;8.81972e-15;2.19013e-13;8.32076e-13;2.27944e-13;9.85798e-12;4.64922e-14;4.18622e-08;1.16761e-10;4.8987e-09;1.63297e-08;0.999502;0.000491053;6.3546e-06;2.75307e-11;2.89026e-11;2.25032e-09;3.37616e-10;3.0917e-09;1.92379e-09;1.72481e-09;5.19494e-13;1.66609e-14;3.97674e-12;4.22506e-13;1.21499e-10;1.04156e-15;1.794e-12;1.04586e-17;1.49392e-13;1.40991e-13;6.5769e-13;5.96392e-14;3.10544e-13;7.00438e-16;1.28233e-18;1.62539e-17;3.15753e-14;9.41832e-14;4.48474e-13;2.38444e-13;6.36382e-14;1.12598e-17;1.53499e-13;7.74836e-12;3.16821e-13;3.33617e-14;1.81342e-12;3.76894e-14;9.74123e-14;3.53216e-19;1.16516e-13;3.54961e-15;1.27198e-13;5.23085e-13;1.64799e-15;1.06824e-14;3.58642e-13;6.60731e-14;8.67618e-14;2.46535e-14;6.01425e-13;9.49711e-15;4.22112e-13;2.55585e-17;1.49169e-15;2.35771e-14;5.08578e-18;1.09296e-13;8.08798e-16;1.50217e-20;7.44121e-15;2.27554e-13;1.38373e-12;9.91698e-14;3.48863e-15;9.72689e-14;8.07141e-16;2.88708e-15;1.62055e-12;1.02031e-14;1.89557e-10;3.8466e-13;7.88044e-16;9.06527e-16;9.67846e-15;1.48247e-16;1.27699e-11;2.84609e-10;2.37753e-10;9.40029e-11;4.12268e-12;1.08552e-19;2.02988e-13;2.30556e-12;3.30506e-13;2.28816e-15;3.82283e-12;4.59336e-12;1.6836e-12;7.40261e-17;1.34188e-14;1.28139e-12;4.77984e-07;1.44407e-11;8.38562e-13;2.78913e-16;4.348e-15;8.25418e-12;1.06409e-12;3.79946e-15;1.02913e-13
1.29469e-10;3.7902e-13;9.5012e-12;2.08298e-14;6.98714e-11;7.21564e-12;2.63651e-12;2.25961e-11;3.00753e-11;2.89155e-11;1.10398e-11;3.975e-16;5.29889e-11;2.59e-12;5.19654e-11;2.60588e-10;9.21291e-10;8.47954e-12;9.52973e-10;4.74601e-12;1.17513e-10;4.40852e-12;9.52052e-11;3.8846e-10;3.01703e-11;6.58558e-09;1.81096e-09;8.31823e-11;2.59218e-14;2.12918e-11;2.53762e-15;6.47115e-12;2.47789e-14;1.6493e-16;3.91481e-08;8.83811e-12;4.47875e-12;3.72296e-12;1.37425e-12;4.00735e-12;1.06776e-14;5.80147e-12;1.56539e-13;2.5959e-10;1.67258e-10;1.71551e-12;8.13774e-12;4.20155e-13;4.8473e-13;1.08305e-11;4.32358e-14;6.55157e-16;3.5469e-10;7.19829e-10;2.05844e-11;2.46284e-10;5.40392e-10;1.54495e-12;4.79849e-11;9.9118e-12;6.44586e-12;4.36594e-14;1.806e-11;4.26674e-09;6.1327e-12;1.69687e-10;2.36248e-11;1.66808e-11;8.00355e-14;1.31873e-11;4.21138e-12;2.28126e-13;1.01369e-10;4.35141e-12;1.89754e-12;1.23638e-11;1.57351e-11;2.5867e-09;1.04677e-12;2.18513e-11;3.76633e-12;9.11825e-14;1.67477e-12;2.49174e-14;1.27174e-12;3.8409e-16;2.62574e-11;1.6728e-11;4.03055e-11;1.14868e-12;6.98268e-12;8.01816e-09;1.98134e-10;1.34911e-12;5.22887e-11;4.60563e-10;4.53215e-07;1.05445e-09;1.09408e-10;8.08815e-14;7.89266e-13;7.04193e-14;4.32764e-15;1.98161e-15;5.73193e-13;2.39314e-09;9.1632e-11;4.17221e-11;8.76993e-12;3.22187e-05;1.89338e-11;1.66921e-08;7.19641e-10;5.09974e-11;5.60502e-10;2.14241e-10;2.73798e-11;1.05699e-11;2.03434e-09;1.58205e-13;3.73669e-11;4.46793e-13;3.70544e-10;2.57282e-14;3.3389e-11;7.87135e-14;2.3827e-12;1.62835e-13;2.2304e-16;1.13231e-08;1.91226e-11;5.48207e-09;2.60942e-10;1.60937e-11;1.49603e-13;9.31824e-12;5.16038e-13;4.61708e-13;5.04284e-12;1.1223e-13;7.53975e-15;6.34812e-12;1.56092e-11;3.76959e-10;3.86512e-09;9.24425e-11;2.43307e-10;3.16738e-11;1.18651e-12;2.29689e-11;1.54341e-12;3.61106e-17;7.68216e-12;2.03471e-12;4.09023e-11;2.02056e-11;7.80669e-15;5.57428e-14;1.18246e-11;1.16374e-11;4.59236e-11;5.09719e-12;1.45977e-11;5.90675e-10;2.5887e-11;4.1212e-09;3.90614e-12;3.60566e-11;1.13704e-11;6.82032e-10;2.20865e-11;8.36946e-12;1.1251e-10;1.26102e-10;5.56999e-13;7.82596e-12;1.49083e-07;5.30073e-10;7.34644e-11;2.32714e-08;2.80378e-11;3.57944e-11;5.50905e-12;1.70891e-10;4.70319e-14;3.34409e-09;2.49348e-09;6.76301e-09;3.06535e-13;6.39331e-10;6.06603e-12;2.88302e-12;1.49915e-12;6.66601e-13;1.95086e-12;8.25792e-13;2.5401e-11;1.50176e-09;2.82387e-08;1.77891e-11;7.59027e-10;3.63444e-13;2.71333e-12;1.73509e-12;1.33289e-11;6.05215e-13;3.04571e-09;6.71221e-09;4.29593e-11;1.38025e-11;1.10039e-13;4.94951e-11;9.41087e-12;5.00294e-12;5.38216e-14;7.96819e-10;1.88446e-12;1.99624e-12;2.36255e-15;3.32984e-14;1.59674e-09;2.9279e-12;1.68462e-11;1.17044e-12;5.36581e-11;1.20689e-11;1.48845e-10;1.27589e-11;1.75423e-14;4.54522e-12;2.47497e-10;5.31928e-10;1.6247e-12;6.03161e-12;5.39115e-12;1.09687e-11;6.51856e-14;1.08823e-12;1.91136e-08;1.10732e-09;2.27665e-09;4.26574e-11;2.35759e-11;7.32041e-13;2.25827e-11;1.20931e-13;8.35125e-12;1.79124e-12;6.86573e-13;1.00845e-10;4.56433e-11;1.12262e-12;4.86848e-11;3.27848e-09;3.20059e-11;2.75162e-12;2.69715e-11;2.78445e-12;2.18084e-12;3.59431e-13;2.80423e-12;3.91082e-12;7.08682e-14;1.62078e-13;1.36598e-15;1.48153e-11;3.11509e-11;3.89936e-10;3.13289e-12;1.05778e-10;3.19344e-12;9.36116e-11;7.52819e-15;6.25702e-15;2.55563e-13;1.5285e-14;2.69882e-16;4.15021e-14;3.64558e-13;3.6757e-11;1.62002e-11;1.49273e-10;1.6238e-11;8.23238e-12;4.2181e-15;1.43551e-13;6.76679e-13;3.27978e-15;2.29889e-12;1.78166e-15;1.31702e-16;1.68828e-16;3.47452e-14;1.80303e-11;1.28437e-11;6.76909e-11;1.38232e-09;1.87919e-07;2.96862e-11;7.16769e-10;1.00007e-11;7.54622e-16;6.39089e-14;2.60429e-14;1.51801e-15;2.79472e-17;5.25218e-14;9.87087e-10;1.26115e-10;2.58094e-11;1.58885e-10;5.12511e-13;4.51867e-12;6.27556e-11;1.44148e-12;1.49197e-12;6.10362e-13;1.72054e-13;1.61567e-15;3.35155e-12;6.35542e-10;1.64949e-10;2.3711e-10;2.71941e-08;9.26262e-08;3.83297e-08;1.42875e-06;4.00433e-10;9.47124e-07;0.999829;2.74531e-10;3.27038e-08;1.9398e-09;0.000135528;4.36953e-09;1.28003e-07;2.76876e-10;3.40141e-08;6.68777e-12;1.15632e-11;8.40244e-17;7.07925e-17;4.17497e-14;3.33446e-12;3.11785e-12;1.32064e-11;3.97195e-12;2.53856e-10;1.33285e-11
7.64954e-10;1.25641e-10;2.72674e-10;4.43651e-13;4.80172e-12;8.78325e-13;9.27339e-14;4.4083e-12;1.48549e-11;4.87017e-11;7.2526e-15;4.71386e-13;8.62157e-14;1.19808e-11;4.31348e-11;1.47351e-11;5.01845e-12;3.11769e-12;1.29889e-15;3.92722e-12;1.35996e-09;1.60967e-11;2.28889e-11;7.81266e-10;1.25665e-11;8.7709e-12;5.21109e-14;1.59506e-10;8.89576e-12;2.21842e-10;1.87631e-13;2.86311e-08;4.25519e-12;5.43725e-11;4.24667e-15;1.20112e-12;7.7656e-13;2.66678e-12;1.08967e-13;5.42191e-15;1.89943e-15;1.70924e-10;1.19451e-13;1.40525e-14;4.7353e-10;2.81174e-10;3.12192e-12;2.09164e-11;3.01118e-14;2.75513e-14;5.81083e-15;1.81356e-16;1.03024e-13;5.89265e-16;2.54556e-14;1.48425e-13;3.85678e-13;3.15191e-10;5.3868e-10;9.15018e-11;7.17205e-08;3.37734e-11;2.14642e-10;2.6403e-12;6.70759e-12;1.64917e-10;5.12242e-12;3.82679e-11;8.48146e-09;6.64874e-09;6.21811e-11;3.81597e-06;3.28239e-14;3.55819e-12;6.20354e-16;6.55351e-12;2.33234e-12;2.02033e-13;2.00062e-11;1.86271e-14;1.32293e-12;1.68003e-10;1.03788e-09;4.40224e-13;9.96486e-11;1.86669e-14;2.03525e-12;1.51978e-16;7.21208e-12;4.35156e-13;5.69298e-11;2.08985e-11;8.47615e-13;3.97722e-10;9.09134e-15;2.30049e-14;1.71138e-13;5.59913e-13;1.9676e-13;6.48514e-11;4.46792e-12;1.09003e-13;1.74084e-08;2.42047e-12;1.19178e-12;1.17582e-16;5.64705e-12;5.38649e-12;3.28689e-12;1.32131e-12;9.74318e-14;1.52946e-12;7.68336e-11;3.09686e-11;1.59534e-11;9.22433e-11;6.54554e-13;3.54451e-12;8.65474e-15;1.27494e-11;3.28448e-12;1.01744e-13;1.61454e-11;4.92047e-12;6.91237e-12;9.42613e-15;1.19153e-11;2.98788e-11;7.62954e-13;1.64064e-16;1.37189e-10;4.75678e-10;6.79171e-12;2.60962e-14;2.58325e-14;1.32154e-15;2.41313e-10;3.31065e-09;4.73108e-11;1.48975e-10;1.47277e-10;1.93649e-11;5.66144e-14;6.47913e-11;9.84768e-14;8.31858e-12;1.21554e-13;3.43218e-12;9.36436e-11;1.79113e-11;1.06066e-12;5.3445e-10;1.11754e-13;5.64965e-13;5.05383e-15;2.18257e-12;1.26232e-13;1.33141e-14;1.51691e-14;8.87322e-11;5.66296e-11;3.70235e-11;7.06043e-11;1.56692e-12;3.16544e-11;5.33333e-15;1.00158e-11;1.60601e-11;1.32803e-11;3.19698e-12;1.22659e-08;3.69957e-10;4.67942e-11;3.65874e-10;2.11978e-11;1.30274e-11;3.52629e-14;2.8973e-08;1.31645e-12;6.32144e-12;1.26993e-09;7.43783e-10;4.07611e-11;2.44356e-09;3.56019e-10;9.5883e-12;4.05769e-14;5.41551e-12;2.89155e-12;8.54474e-12;5.70798e-10;3.44535e-09;6.9966e-10;3.07167e-10;3.30175e-08;6.33356e-10;1.99782e-10;5.40688e-12;3.39539e-12;2.55943e-11;9.80688e-11;2.76634e-11;1.16311e-10;1.35778e-11;6.54437e-09;6.69243e-11;1.34616e-11;3.83505e-12;3.34788e-12;2.66489e-12;2.29521e-11;3.44447e-13;1.30019e-11;2.9196e-12;4.55371e-11;1.56782e-10;6.55011e-13;5.07926e-12;3.13225e-14;9.6082e-13;7.14743e-17;1.62284e-11;4.91278e-12;2.93413e-12;5.58843e-12;2.20939e-10;4.84519e-11;7.18518e-11;1.16533e-09;2.29579e-11;2.08755e-09;1.6304e-15;1.39654e-09;1.02369e-09;9.57904e-12;7.34621e-13;1.28746e-13;1.72023e-14;4.31978e-16;6.02099e-11;2.29545e-12;1.66921e-10;1.98765e-12;2.83932e-12;4.77344e-11;8.83392e-11;3.41729e-10;2.55928e-11;2.22131e-10;4.2907e-12;1.84263e-10;2.50793e-16;5.56209e-13;3.3393e-12;5.26818e-13;2.22469e-12;7.29997e-11;2.61378e-12;9.81698e-12;3.15093e-11;6.17008e-11;6.24911e-12;2.37363e-12;1.26202e-14;2.19052e-13;8.46342e-17;2.35211e-11;3.79185e-12;3.70122e-13;1.26496e-12;1.87399e-11;1.80287e-13;3.97527e-16;2.34671e-05;4.24893e-06;1.51876e-10;0.99973;0.00023555;2.39434e-06;2.00664e-11;7.98769e-09;1.32684e-10;2.34769e-08;7.17064e-13;4.44535e-10;1.9479e-10;1.88961e-13;5.24678e-10;1.02598e-10;2.12843e-15;1.58658e-14;3.88204e-13;6.2963e-16;5.06445e-24;3.14965e-12;4.33376e-13;5.86419e-12;1.06412e-15;2.72457e-12;1.39438e-15;6.58434e-13;6.88485e-12;2.63147e-12;2.17946e-13;4.38705e-10;2.16163e-14;2.53452e-10;2.18781e-22;4.04884e-12;8.23673e-11;9.44754e-16;2.48785e-13;1.86916e-17;4.77093e-12;1.20907e-10;1.82881e-11;1.28137e-11;4.49544e-13;1.00148e-11;3.70308e-15;8.19158e-18;1.44607e-10;1.5573e-13;2.25643e-14;1.13832e-09;8.89802e-13;4.06137e-10;1.17779e-10;3.14078e-13;2.11148e-16;2.62063e-09;6.98819e-11;2.31923e-11;5.15307e-13;1.55961e-11;5.40681e-13;2.31788e-10;6.55867e-16;4.35074e-11;2.93712e-10;7.54748e-11;9.30192e-16;2.37709e-13;9.19241e-16;3.83148e-10;7.67663e-10;1.22351e-13;1.14547e-12;8.54489e-15
3.60722e-10;8.80619e-10;9.20925e-10;2.94675e-12;1.28015e-13;5.03008e-11;1.70084e-13;4.52782e-11;8.23693e-12;1.08953e-11;2.18832e-12;5.88662e-14;1.79674e-13;2.24443e-12;3.72785e-12;2.07146e-10;7.44878e-11;7.93142e-13;5.36844e-11;5.23966e-12;7.06212e-09;3.20601e-12;5.1253e-12;1.14906e-10;1.06994e-12;3.85882e-08;8.39337e-12;1;7.028e-13;4.12795e-11;5.80508e-14;2.21151e-10;4.79916e-13;2.08628e-16;2.78258e-11;6.25962e-14;1.0278e-12;1.82329e-12;1.51953e-12;2.57252e-15;3.56994e-16;1.49951e-08;1.43167e-08;1.75721e-11;3.06479e-10;8.78814e-13;3.47806e-14;1.31942e-13;3.76074e-12;8.58248e-13;1.4605e-12;1.88067e-15;1.18629e-14;4.6528e-11;1.33184e-11;2.52773e-12;4.02109e-12;3.07943e-12;1.66256e-11;1.67234e-11;2.94276e-11;4.7263e-12;7.45524e-15;5.38086e-09;1.80291e-12;1.53647e-11;6.77679e-12;8.68614e-13;5.15127e-12;1.87095e-11;5.71463e-13;1.22029e-11;6.74744e-11;1.26082e-12;4.77435e-12;5.4582e-13;4.18237e-12;5.24176e-11;7.16362e-12;1.67458e-12;2.08051e-12;3.82439e-13;1.15549e-11;6.5528e-12;3.66208e-14;6.43439e-12;6.93556e-12;6.40752e-11;1.19605e-12;3.80712e-13;5.98224e-12;1.11448e-11;3.31632e-12;1.07465e-11;3.84907e-13;1.78792e-13;1.68044e-11;8.21696e-12;1.94193e-13;7.45639e-11;3.61456e-11;3.12205e-13;2.71995e-10;9.49098e-11;6.06664e-16;9.12517e-12;1.12694e-12;1.75774e-12;4.73522e-13;9.04877e-12;1.90586e-14;2.89033e-12;1.80636e-13;2.12943e-12;2.82049e-11;8.65791e-10;1.4785e-11;6.2024e-15;1.15112e-12;9.56275e-11;1.55191e-12;1.25626e-12;4.19098e-12;1.14333e-12;4.5808e-11;2.42856e-15;1.43334e-12;5.31022e-15;4.20796e-19;1.08839e-12;4.72933e-13;4.44338e-12;2.89631e-11;6.99532e-12;6.63448e-14;4.24731e-13;5.49936e-12;2.56888e-10;2.19741e-11;1.24257e-12;6.45877e-13;3.3359e-12;4.49898e-12;6.15361e-13;1.09185e-11;1.87084e-12;2.69461e-12;9.31108e-13;4.05901e-14;1.98158e-12;1.50403e-13;8.52475e-10;1.69172e-13;5.79354e-14;1.34337e-12;2.83047e-13;1.46722e-10;7.18301e-14;2.2155e-14;2.03586e-12;4.47513e-12;7.53357e-12;2.52923e-13;6.95134e-14;8.97319e-14;7.8317e-14;3.88435e-12;5.02813e-12;8.72428e-13;3.30894e-13;3.20764e-11;1.45415e-11;1.01933e-12;3.2731e-12;1.32819e-14;2.48869e-12;9.96705e-13;1.54861e-11;2.20088e-12;8.61437e-12;3.17308e-13;4.22218e-12;1.59134e-12;6.32409e-10;2.15191e-14;5.55357e-13;3.74179e-11;9.60229e-13;2.10145e-13;3.56594e-12;2.45394e-12;9.30457e-13;8.68004e-12;4.11073e-13;4.0203e-12;8.1332e-12;2.07168e-14;1.18829e-10;2.71793e-11;6.79394e-12;1.70726e-10;5.42562e-13;6.90857e-11;2.58536e-12;7.82822e-11;3.44232e-12;5.14067e-13;2.3433e-10;6.51555e-13;2.01133e-11;2.60062e-13;1.02811e-11;3.35327e-12;2.14283e-12;1.2362e-13;3.15958e-11;4.56275e-12;3.26899e-10;1.5392e-15;3.28718e-15;1.31949e-12;1.97199e-13;5.67632e-13;3.13381e-13;3.93262e-12;5.98503e-13;3.77382e-11;1.16658e-11;8.18262e-12;1.56556e-11;6.05515e-11;1.60806e-10;6.28368e-13;6.29353e-12;2.78806e-11;8.94136e-12;2.3995e-13;1.79571e-13;1.89958e-11;3.20977e-13;2.34772e-12;1.18241e-11;1.73023e-13;2.12693e-14;2.83302e-12;3.29277e-12;1.34669e-10;9.30242e-13;2.66288e-11;2.34824e-11;4.79074e-16;1.12642e-11;1.40488e-12;5.45629e-12;2.28095e-12;9.18934e-12;1.30614e-12;2.84281e-12;1.83576e-12;4.12006e-13;5.47683e-12;2.64757e-12;6.05526e-09;6.05989e-13;2.43725e-12;8.22783e-13;1.14134e-12;4.4401e-13;3.1462e-12;7.99344e-11;1.56595e-12;2.87236e-12;1.17856e-14;6.76705e-14;8.37759e-12;9.59731e-14;1.53561e-13;2.23361e-16;9.58693e-12;2.79019e-15;9.0692e-12;6.42738e-12;7.58182e-12;2.51025e-15;1.19208e-13;3.81536e-15;2.57101e-13;2.76681e-13;3.78965e-10;1.5684e-14;9.97544e-15;6.90594e-15;1.00092e-14;9.38257e-13;7.97063e-13;2.18923e-12;8.75795e-12;2.61899e-11;1.37073e-12;1.05269e-12;5.31868e-13;9.37713e-16;2.64578e-12;1.4675e-13;1.57468e-13;1.39379e-13;4.68192e-16;2.01162e-12;2.27702e-12;3.62361e-12;9.80268e-12;1.7381e-13;3.00394e-15;1.64867e-11;4.43391e-12;3.50463e-11;5.67602e-11;9.51146e-14;2.38073e-10;3.5414e-13;1.22596e-11;1.49793e-11;1.12006e-11;1.38257e-11;4.95639e-12;4.66902e-12;2.28691e-12;1.27729e-12;6.8274e-12;5.19469e-12;1.23057e-11;1.43342e-11;5.75735e-12;3.41861e-08;3.20592e-12;3.48053e-13;6.35506e-08;3.00133e-11;3.12139e-13;2.9236e-12;1.6638e-12;4.10986e-15;5.95151e-15;7.17906e-13;2.62625e-12;3.98478e-12;1.35396e-13;1.59329e-11;3.66782e-13
4.18628e-12;9.92812e-13;1.98846e-13;1.50419e-12;2.23312e-10;1.27516e-13;6.23522e-12;4.87092e-10;1.00856e-13;4.98829e-14;6.19984e-13;3.15253e-13;7.0566e-11;4.82338e-12;1.98696e-13;3.35141e-13;1.99753e-11;7.71998e-14;2.17545e-09;6.01903e-13;1.20937e-11;7.92348e-13;2.34872e-13;3.96684e-10;1.38685e-13;2.89749e-10;5.45908e-11;1.22259e-10;2.63713e-13;1.28794e-14;2.61796e-13;2.39364e-12;6.00034e-16;3.17075e-12;3.91622e-12;4.3811e-13;1.91283e-13;4.31102e-13;1.80284e-11;1.438e-14;1.75809e-13;2.11317e-12;4.1508e-10;2.67677e-11;4.53288e-13;2.62234e-14;1.04112e-12;1.76981e-13;2.71646e-12;2.64115e-11;3.90836e-18;7.30119e-15;5.12366e-19;8.20765e-20;3.2108e-12;9.28258e-14;1.98143e-13;1.25894e-12;2.32738e-13;2.83948e-12;3.04197e-12;1.78075e-13;6.62706e-12;9.21556e-11;2.84374e-13;1.40123e-12;3.19833e-14;7.79661e-13;1.46738e-12;5.89266e-13;3.64871e-14;2.40703e-14;5.70217e-15;1.71619e-11;7.1357e-14;1.90762e-14;1.19417e-14;5.24455e-13;7.33265e-15;4.84942e-14;2.18861e-12;2.44884e-11;4.39006e-12;9.69323e-13;4.02226e-09;1.07498e-15;6.0828e-12;1.55604e-14;9.6383e-12;4.08201e-14;6.98979e-13;1.41263e-13;2.64599e-14;1.7965e-11;1.3352e-15;2.54737e-11;1.02291e-11;2.47176e-13;8.31545e-14;5.09002e-14;4.05401e-14;2.58477e-13;1.58387e-10;2.59674e-13;2.37388e-14;4.48327e-15;4.70797e-14;9.39947e-14;6.75906e-13;4.21499e-12;3.51838e-16;6.27554e-15;4.34106e-14;7.13658e-14;2.34467e-12;2.38614e-13;1.52408e-14;1.26701e-12;2.01927e-13;5.30078e-12;8.76137e-14;2.20657e-13;4.13506e-11;8.83638e-15;1.01502e-16;2.13694e-15;8.71101e-15;6.24244e-14;2.27801e-16;5.9538e-14;2.6963e-13;4.50284e-14;8.47403e-14;2.30616e-12;4.30079e-16;4.42297e-14;2.02314e-13;4.85914e-13;1.0276e-12;1.04177e-11;4.06037e-15;5.90007e-12;6.2623e-13;8.14565e-14;2.08712e-12;7.94265e-15;8.55155e-13;3.60206e-13;6.79368e-14;2.70091e-14;2.36637e-14;2.58294e-15;1.01645e-15;1.46919e-14;7.6717e-13;2.52674e-14;4.18766e-12;5.27919e-15;7.00187e-14;4.18201e-12;5.69211e-14;1.17727e-12;6.75614e-12;8.19624e-14;5.51708e-14;7.40428e-14;5.47565e-13;3.7456e-12;1.70435e-12;3.92713e-14;9.81349e-13;1.74748e-12;6.20242e-13;6.28298e-12;8.17537e-14;2.67635e-10;5.49871e-13;2.55198e-12;2.14428e-13;2.37231e-11;1.47012e-12;3.87388e-12;3.22088e-12;5.13865e-12;6.56808e-13;9.54498e-12;2.88212e-13;5.47824e-12;1.70616e-12;5.64702e-13;2.39998e-11;9.26343e-12;1.40189e-11;2.47828e-11;3.9948e-11;1.24828e-12;2.35105e-10;8.95671e-12;7.59053e-12;1.22817e-13;5.30475e-12;4.11091e-13;1.15886e-13;1.67299e-13;5.75546e-13;7.15103e-15;2.37744e-13;4.41738e-14;1.82903e-13;7.50246e-14;9.48925e-14;3.67518e-14;4.44659e-13;4.09014e-12;4.73879e-12;3.37385e-13;3.99738e-12;5.98121e-11;2.41835e-13;3.62201e-12;1.10674e-10;2.62998e-13;8.06826e-13;1.4781e-13;3.29952e-13;3.41882e-12;6.69653e-12;3.3685e-12;5.3043e-11;3.42433e-11;1.54739e-10;1.02687e-11;1.00464e-13;2.94619e-15;8.90296e-13;2.27669e-11;8.71836e-15;7.06422e-12;5.99457e-14;2.19256e-14;1.43312e-14;1.17778e-11;7.37191e-15;4.35023e-13;4.20141e-14;4.65154e-13;1.10229e-14;4.49378e-12;3.09592e-12;1.54446e-12;3.43221e-13;1.81077e-13;1.07169e-13;2.54237e-13;3.21184e-14;8.82055e-13;1.31784e-14;2.00185e-13;4.14761e-13;2.81058e-12;1.26872e-12;2.23781e-12;7.27287e-15;8.77964e-13;1.03939e-11;3.75117e-13;1.05302e-13;3.93949e-14;5.76116e-14;1.60172e-11;1.84267e-14;5.05227e-14;7.37779e-06;1.0417e-09;7.54449e-12;3.2678e-10;0.00168048;1.40837e-08;3.57606e-06;2.11294e-06;4.51225e-11;1.15426e-11;5.96369e-09;0.998306;1.01813e-10;1.77626e-11;3.61713e-13;1.62578e-13;1.12475e-14;6.18934e-13;2.92961e-10;1.58395e-17;3.4247e-14;7.5881e-18;1.92118e-12;1.00103e-14;1.48702e-13;1.34918e-12;3.20593e-16;1.36377e-14;1.07102e-13;4.3888e-13;5.17218e-15;1.06025e-13;8.17097e-16;2.90176e-13;7.17481e-14;6.57378e-20;2.1949e-13;3.44272e-13;1.21264e-13;4.03556e-18;9.88859e-15;1.51923e-14;1.05799e-12;6.40697e-14;2.93623e-12;1.1581e-10;3.98405e-13;3.82701e-17;1.12799e-12;1.35597e-13;4.89338e-13;5.90553e-15;4.75235e-12;4.10058e-13;1.28831e-11;4.6774e-11;4.06135e-15;9.87655e-15;5.77887e-14;1.35372e-13;1.06494e-13;6.53891e-15;5.82786e-14;4.20594e-14;4.86301e-14;6.32613e-20;2.46185e-14;6.73467e-14;4.28727e-10;1.11154e-12;3.71986e-14;2.57823e-13;4.88549e-14;3.67138e-16;2.45193e-14;5.60028e-13;8.44402e-17
3.58714e-11;1.23299e-10;3.89137e-11;5.44397e-12;2.25104e-13;3.19059e-11;1.04079e-11;2.08049e-07;4.45375e-09;2.61318e-10;7.87599e-09;8.27043e-13;2.96536e-12;3.2138e-10;8.56664e-10;3.0622e-11;6.76109e-11;1.17249e-10;4.60262e-09;1.5906e-09;3.23664e-10;7.5321e-12;5.4111e-10;3.84011e-09;6.62138e-11;1.47134e-07;1.09328e-08;4.85074e-09;2.62626e-13;6.93999e-11;1.00831e-09;2.17456e-11;1.59055e-12;4.78939e-12;2.10196e-15;5.01589e-11;6.73849e-11;1.20135e-10;1.15311e-12;9.64284e-14;6.2723e-12;3.75789e-10;1.68239e-09;6.21081e-08;1.81253e-11;2.31273e-11;2.92394e-11;7.9204e-09;1.01714e-05;4.56917e-07;1.05387e-07;2.06455e-05;0.999395;1.1272e-05;7.51697e-05;7.65115e-05;0.000326313;8.43932e-12;6.50719e-11;7.22012e-09;8.93569e-15;2.02723e-11;1.56059e-09;2.11947e-11;3.50444e-11;9.00705e-09;1.44703e-08;5.53237e-09;1.23575e-12;1.27048e-10;8.19424e-10;4.19557e-11;5.15024e-11;1.77368e-06;7.3526e-16;4.2046e-11;3.76951e-10;3.15317e-10;6.6207e-10;3.22569e-07;2.95171e-10;7.73477e-10;9.26679e-11;3.64808e-09;2.60057e-12;3.24425e-11;1.33315e-08;1.89922e-13;4.93911e-10;1.55099e-10;5.54184e-11;3.88936e-10;8.20094e-11;2.37933e-11;4.59466e-09;2.1698e-07;1.60569e-12;3.92245e-10;1.20902e-11;3.77544e-12;1.29979e-09;3.7791e-08;1.88251e-13;1.51901e-09;5.7156e-12;1.54139e-13;3.43596e-09;2.39307e-10;3.01333e-10;2.16641e-08;1.59412e-09;5.97418e-05;4.23102e-11;6.63294e-11;1.41968e-07;5.47409e-14;4.80567e-12;4.66442e-06;7.56602e-11;2.61861e-09;1.2009e-07;5.24536e-08;2.77371e-08;9.16721e-15;1.13539e-12;1.17374e-10;5.46329e-19;3.03159e-14;1.52887e-12;1.56117e-16;8.38864e-11;1.15252e-09;2.92669e-09;5.09352e-10;2.58913e-09;4.1944e-07;3.9786e-11;5.23184e-10;7.47529e-09;6.01838e-13;8.5406e-12;2.4672e-07;1.39186e-10;1.72262e-10;5.85467e-09;9.99353e-09;4.22788e-07;2.2265e-10;2.07508e-13;4.37635e-11;1.15426e-10;2.12563e-16;1.63181e-14;4.33791e-10;7.9677e-15;3.04051e-11;4.12622e-08;9.76672e-09;5.32048e-08;8.14127e-11;2.7732e-11;1.27105e-09;1.45884e-11;2.20801e-14;5.95699e-09;3.55816e-12;5.80382e-08;9.16635e-08;2.445e-08;1.30998e-10;1.86507e-10;6.05714e-10;3.5342e-10;1.34403e-13;1.66414e-13;6.88253e-08;1.91617e-13;5.26594e-10;8.76835e-09;7.67209e-07;4.78227e-11;9.21476e-10;2.80198e-09;2.40456e-12;7.98476e-13;6.53568e-08;9.7377e-11;9.4115e-09;3.72226e-08;2.57417e-08;1.44654e-10;2.96713e-11;7.77763e-09;2.13137e-08;1.16335e-14;1.08837e-11;5.13721e-09;7.44886e-13;4.41637e-07;5.14217e-08;1.25769e-06;5.56701e-11;3.37459e-09;1.61614e-09;2.2785e-12;1.37768e-11;2.02237e-07;4.81401e-10;8.21643e-10;8.93676e-10;7.7199e-09;5.04369e-07;2.91103e-07;8.73633e-11;5.77158e-14;1.22049e-11;3.61414e-09;4.49064e-16;3.28719e-12;8.13998e-08;5.36789e-14;1.0512e-11;1.52499e-11;2.17013e-11;4.2158e-10;3.84182e-11;3.65435e-09;2.65962e-10;1.08723e-09;7.40965e-11;1.09762e-08;9.6123e-10;8.38081e-13;7.5366e-10;4.55986e-09;1.16109e-13;4.50679e-10;5.23651e-10;2.61847e-14;3.16806e-12;8.96118e-12;2.70677e-12;7.55168e-11;2.11091e-10;3.92931e-10;1.55714e-11;3.45535e-10;1.28333e-09;1.16897e-12;2.41348e-14;1.40805e-07;1.48599e-13;2.41757e-10;1.46528e-09;7.89547e-10;6.14883e-12;1.2723e-10;5.43016e-07;2.81596e-10;1.66597e-10;4.51048e-09;4.82189e-08;5.9137e-12;1.07814e-09;5.09088e-10;1.95541e-14;1.73089e-11;2.4216e-10;8.54746e-10;7.23341e-11;4.51776e-11;3.60875e-09;5.146e-14;1.64145e-15;8.58185e-12;7.40173e-12;4.59211e-23;1.28234e-16;2.62932e-15;1.46074e-14;1.00797e-10;2.15981e-09;6.69988e-11;1.25424e-08;2.51167e-11;1.9698e-09;1.83566e-07;5.80307e-14;2.40588e-12;2.6994e-11;2.21763e-14;9.79292e-12;2.93272e-10;1.20744e-11;3.0995e-10;6.91739e-11;3.4335e-10;4.56192e-13;5.59039e-13;8.39138e-08;1.306e-10;2.35373e-15;1.04341e-11;1.05972e-10;1.31909e-17;4.37092e-14;1.71976e-10;6.5631e-14;1.70889e-11;5.18033e-11;7.30702e-13;1.61904e-10;1.85401e-06;2.80805e-09;2.16912e-11;1.08163e-10;1.76361e-09;4.67431e-14;2.4531e-09;8.20527e-06;6.72789e-13;3.11583e-11;4.89498e-11;1.44083e-16;3.43171e-12;4.90728e-10;7.50261e-14;3.2066e-12;1.58125e-07;5.27058e-08;3.25677e-12;1.85264e-11;2.97797e-11;2.7748e-10;5.10683e-11;2.84088e-10;4.51182e-12;1.59504e-13;4.12588e-11;2.31272e-10;4.34704e-11;1.29644e-13;4.35648e-08;3.50909e-10;3.84026e-10;7.23892e-11;8.48031e-08;1.4593e-11;3.11634e-12
4.49402e-08;1.27022e-14;8.18501e-14;7.52915e-14;5.52241e-16;8.25872e-16;1.20399e-12;5.55724e-12;5.81529e-13;2.72547e-14;9.4761e-15;1.71133e-14;5.30929e-08;5.52567e-13;9.7772e-14;1.75695e-10;1.33825e-13;3.61835e-13;5.13645e-10;4.75365e-13;8.16624e-15;2.92214e-13;2.18666e-13;8.11365e-11;1.58091e-13;1.06849e-13;1.10708e-10;2.30112e-14;1.32831e-14;1.68373e-13;5.87392e-13;2.70701e-15;6.15719e-17;3.59985e-13;3.25004e-13;2.73714e-14;5.26089e-13;5.32611e-13;3.92577e-14;1.86776e-15;2.46292e-12;1.34875e-13;3.55963e-13;6.77643e-13;3.11113e-16;1.84929e-14;1.10305e-11;8.73594e-13;3.26413e-12;6.74399e-13;6.05445e-12;6.59e-18;4.39504e-14;5.15575e-11;7.26972e-14;8.10629e-13;6.38345e-13;5.95452e-13;3.78174e-13;1.50945e-12;2.04759e-12;6.40926e-13;4.48064e-12;4.1619e-09;3.91127e-13;6.78561e-12;1.99323e-14;1.42995e-12;4.32302e-14;3.95111e-13;7.84846e-13;1.03937e-14;2.06608e-16;7.45971e-13;1.07781e-11;3.73781e-13;7.32461e-14;1.29021e-12;1.57991e-13;6.59194e-13;3.95221e-13;1.73556e-14;3.56635e-14;2.15144e-13;2.19282e-15;1.25878e-16;4.10526e-11;5.26373e-12;5.05678e-12;2.18449e-13;6.28129e-13;4.45409e-13;4.71111e-13;2.82629e-15;3.43299e-14;5.33867e-13;1.14896e-10;1.0159e-12;2.38629e-13;6.32109e-16;6.26639e-16;2.2228e-12;2.64211e-16;4.22659e-15;2.04378e-14;6.19019e-08;2.41922e-13;3.29742e-13;1.7336e-13;3.66986e-13;5.86768e-15;1.70255e-14;1.00731e-12;4.09835e-13;3.89661e-12;2.3833e-12;6.43367e-14;1.1557e-12;4.36706e-11;8.38488e-14;3.74522e-14;2.70709e-16;4.3242e-12;1.55153e-15;1.62111e-17;6.02673e-14;3.02116e-10;1.73605e-17;1.43032e-17;1.59797e-12;1.04752e-13;4.11254e-12;7.07268e-14;1.02948e-13;1.62135e-17;1.71616e-14;1.506e-13;4.20113e-13;3.54703e-12;1.74233e-13;2.05837e-14;1.87661e-13;4.23487e-11;8.54854e-13;1.40751e-13;9.69132e-14;1.82837e-14;5.48901e-12;2.17212e-13;2.9858e-13;4.33091e-12;2.11066e-14;1.74923e-13;6.87212e-16;7.38164e-11;2.49842e-13;3.29461e-13;5.19844e-15;1.02757e-11;1.68246e-12;6.18395e-14;1.44555e-12;5.30472e-12;6.01775e-12;1.48705e-12;2.65102e-10;6.34183e-14;8.7151e-14;1.44308e-13;6.5599e-12;9.90109e-14;2.69023e-13;1.47422e-12;5.77523e-13;1.50398e-12;3.18311e-12;3.26435e-11;1.82595e-15;3.15377e-14;3.83749e-14;1.23567e-13;2.69067e-13;8.1702e-14;6.28795e-14;1.95554e-14;9.2181e-13;1.05172e-11;5.90907e-12;3.50881e-14;4.17156e-15;3.67064e-12;6.43117e-13;2.75351e-12;1.9942e-11;3.09299e-13;2.3383e-13;4.89789e-11;1.19147e-11;3.2079e-13;1.5921e-14;6.0452e-13;6.19018e-13;1.04242e-12;8.50351e-13;1.76299e-15;2.4305e-14;4.28101e-14;5.33351e-13;1.08331e-13;1.27161e-13;4.84501e-15;8.0817e-14;1.43775e-13;1.14698e-12;8.38395e-15;1.85554e-13;1.27709e-13;3.97831e-14;2.8796e-13;3.94936e-15;6.97155e-11;2.95012e-13;9.37856e-13;1.96273e-13;4.56582e-13;1.43627e-11;3.04044e-11;4.14133e-12;8.66754e-13;4.66932e-12;9.23801e-12;9.44315e-10;5.2328e-14;8.64044e-14;4.02922e-14;2.26098e-13;1.30836e-15;3.38607e-15;9.63488e-11;2.74314e-13;4.69118e-13;2.10321e-11;1.76113e-13;1.96525e-13;2.15075e-13;4.03794e-14;1.13636e-13;1.03324e-12;8.98184e-12;1.75631e-17;1.52308e-12;1.93903e-11;2.21652e-13;9.67002e-14;4.57517e-13;1.07313e-13;2.89119e-14;2.64591e-11;2.07897e-14;1.4197e-14;1.07207e-14;5.14793e-14;2.55287e-14;9.98055e-17;9.18912e-16;3.65411e-13;5.51475e-13;9.34744e-14;5.99895e-13;4.82035e-13;2.76123e-14;6.99168e-16;6.06038e-16;5.90755e-15;8.04693e-14;3.1933e-13;1.13371e-13;3.72599e-17;2.30774e-14;1.45361e-14;4.63175e-14;3.94369e-15;5.75504e-12;6.41871e-16;4.72668e-16;1.06249e-13;4.52001e-14;8.85696e-16;1.47786e-15;2.90211e-14;2.8481e-18;5.90985e-15;1.31966e-14;2.77701e-14;4.47319e-14;1.03107e-13;8.04414e-13;4.23984e-11;1.03437e-11;1.22116e-11;2.25588e-13;2.5219e-15;4.884e-14;3.10267e-13;2.45719e-11;5.06892e-17;8.42637e-15;9.2764e-15;1.55499e-12;1.44336e-13;2.66056e-14;1.06608e-13;4.92599e-13;2.43569e-14;3.94809e-14;4.06406e-15;4.86123e-13;3.59173e-13;3.16235e-16;2.71844e-13;4.8393e-13;5.6311e-14;2.72318e-14;1.88516e-18;2.9351e-13;1.65265e-11;6.59124e-15;8.20975e-13;6.40277e-12;2.30935e-09;4.49858e-13;5.64441e-13;3.54676e-12;1.36331e-12;3.0647e-13;1.79372e-13;5.67035e-11;0.999987;6.58563e-10;1.83289e-10;8.16179e-06;3.1541e-10;1.73776e-09;4.27141e-07;6.11424e-10;1.05828e-10;2.61902e-09;3.76474e-06;6.66784e-11
1.64127e-05;6.9894e-12;1.29097e-09;4.49074e-09;7.31702e-13;4.00876e-11;1.97018e-10;3.13829e-10;1.01953e-10;2.84805e-12;3.0824e-12;9.12719e-09;9.68889e-11;1.66689e-12;3.4015e-12;8.27775e-11;1.80401e-11;9.4465e-12;7.23493e-12;1.80663e-10;8.02991e-13;8.51984e-12;1.86346e-11;1.2466e-10;1.39348e-11;4.64115e-12;1.23238e-12;7.03054e-12;4.68732e-14;5.53445e-13;7.49371e-11;2.51188e-17;4.01024e-14;6.40778e-10;2.13152e-15;2.33651e-13;7.93678e-12;2.51072e-12;1.7346e-15;2.64938e-13;1.10163e-12;9.11712e-11;6.92079e-12;6.88083e-12;1.40868e-13;1.52989e-10;4.4669e-10;5.23224e-08;1.28543e-07;2.14655e-07;9.29344e-06;0.999972;1.54391e-06;6.01386e-10;8.86052e-09;1.25867e-07;5.04038e-07;1.04466e-12;8.6758e-13;6.43677e-10;4.85576e-13;3.25081e-12;1.11319e-10;3.04379e-14;1.06829e-12;4.86217e-13;1.04204e-12;6.81045e-11;3.21524e-13;1.32667e-11;6.04825e-10;5.63395e-10;5.18302e-11;6.82391e-10;4.92455e-14;1.7863e-12;1.95772e-12;6.42963e-14;1.15756e-11;4.62788e-12;2.50578e-12;7.03305e-14;5.13252e-11;1.3909e-11;1.74379e-14;7.5218e-12;6.94085e-11;6.13423e-13;1.14956e-11;1.93134e-11;1.93256e-11;2.22858e-10;1.08122e-11;1.29972e-14;8.53347e-12;1.88579e-10;2.92981e-12;2.14439e-12;1.25097e-11;2.18841e-15;3.11622e-12;4.08617e-12;9.10652e-18;1.12888e-12;1.43502e-10;1.41541e-12;8.00761e-14;2.6668e-12;5.56393e-12;1.62179e-13;1.13334e-13;1.25671e-10;2.06133e-12;1.62982e-12;2.20232e-10;1.70449e-11;2.99655e-12;3.98812e-10;1.06295e-11;3.83992e-13;8.9267e-12;9.29823e-12;2.94422e-12;1.05526e-14;6.25079e-11;4.16184e-09;1.00157e-14;4.67397e-12;3.99915e-09;4.53053e-16;1.2079e-12;5.20737e-11;3.89016e-12;2.0866e-16;4.13448e-15;1.59222e-11;6.9727e-12;1.02539e-10;3.81996e-09;9.7587e-11;8.47339e-09;2.55669e-09;1.41301e-11;5.41014e-12;1.11325e-12;2.29956e-11;6.34186e-12;3.76605e-11;6.30101e-13;2.03553e-11;1.56164e-11;2.60691e-13;9.10037e-13;1.5345e-12;9.02561e-13;1.0612e-12;2.7904e-13;2.34308e-12;1.91428e-10;1.12134e-12;1.08368e-12;1.39854e-10;2.03331e-10;4.43921e-14;6.31809e-10;1.759e-12;2.1709e-13;2.97577e-12;2.31625e-12;3.38761e-11;6.0643e-13;3.82491e-11;7.28332e-11;3.1352e-10;4.83378e-10;1.24904e-10;2.06259e-13;8.31454e-17;1.04251e-12;3.55575e-12;9.5227e-13;1.44945e-09;1.97671e-10;3.78311e-12;2.16539e-11;1.15861e-10;1.53025e-11;3.97556e-12;4.26808e-11;5.07569e-13;4.53641e-12;2.33791e-12;1.3538e-11;3.37676e-10;3.75485e-10;1.92327e-10;2.86113e-09;3.46679e-11;1.78494e-11;3.9629e-11;4.25501e-12;6.41334e-12;3.56833e-10;1.65173e-10;4.55412e-11;2.56807e-12;2.30778e-10;2.68624e-13;4.77443e-13;4.00538e-12;3.31205e-14;7.5101e-13;2.30185e-12;2.04406e-11;3.92328e-12;1.36755e-10;1.50822e-10;6.30382e-17;7.50684e-12;4.66354e-10;3.53189e-16;8.49059e-13;2.66845e-13;3.57026e-12;7.12005e-11;1.73427e-11;4.06536e-10;8.84453e-11;8.01554e-12;4.32141e-09;1.05108e-10;1.59198e-10;6.15027e-15;1.2807e-12;6.79274e-13;5.29804e-15;2.92254e-11;5.76145e-14;2.18316e-15;4.40007e-14;1.26698e-12;1.27122e-15;1.73465e-11;9.33273e-12;1.17942e-12;4.56426e-14;1.54609e-12;1.88804e-11;5.9084e-14;1.54055e-15;3.18618e-11;3.52951e-14;1.03443e-13;1.19562e-13;7.00309e-12;8.25521e-15;6.03023e-13;2.68418e-11;2.55969e-12;4.54686e-14;1.68456e-12;2.83169e-10;3.11447e-11;1.69236e-11;5.77125e-14;6.37512e-13;9.85148e-13;4.65761e-11;6.74233e-12;5.28436e-15;4.63498e-11;2.58344e-14;2.92414e-20;8.61356e-14;3.39613e-12;5.70619e-11;2.20509e-15;4.86357e-10;2.12218e-14;1.21386e-14;1.08863e-13;1.26698e-12;1.32639e-12;3.4293e-20;1.94189e-14;7.02933e-12;5.75475e-13;1.33954e-14;1.18597e-12;3.40885e-10;1.03219e-16;9.33624e-12;5.52806e-14;1.46458e-13;2.73873e-13;7.55945e-12;7.94908e-12;6.43985e-15;1.83526e-11;7.07099e-11;1.09368e-11;3.33396e-14;4.61607e-11;1.49396e-11;4.17692e-11;5.60247e-12;1.26985e-09;2.77141e-15;5.76961e-13;9.72181e-12;1.36235e-16;4.7222e-14;1.168e-12;9.10589e-12;5.07705e-13;9.08603e-12;1.76492e-11;1.71022e-14;5.6059e-12;3.09089e-12;7.88233e-13;1.90754e-13;7.16163e-12;6.19203e-19;2.53065e-14;3.46835e-11;5.86351e-12;2.78684e-09;1.86648e-11;7.71786e-11;6.49278e-14;4.19703e-13;1.97753e-11;3.17531e-15;1.03365e-11;2.58079e-12;1.43106e-12;4.99851e-13;2.83859e-12;5.7307e-11;1.1586e-14;3.5556e-08;8.64297e-11;4.00197e-17;1.09214e-13;1.41991e-11;7.04608e-11;4.14328e-14;2.48439e-12
1.03941e-06;1.46084e-10;1.00325e-12;8.09879e-13;2.38395e-13;2.82779e-11;9.72428e-13;3.85417e-14;1.75952e-12;4.4326e-13;2.83427e-16;1.24195e-13;2.09088e-12;5.25766e-10;4.26672e-12;7.10769e-06;1.81693e-09;3.43599e-10;3.69494e-12;8.99517e-12;1.42391e-10;1.06058e-09;3.91878e-13;4.77919e-10;4.6676e-12;4.39943e-15;1.79025e-14;2.36255e-12;3.71475e-10;2.7556e-15;1.22886e-13;2.08588e-09;7.48806e-18;1.08924e-14;1.02844e-13;7.44438e-10;4.28652e-12;3.35279e-13;3.78431e-09;2.06119e-13;1.8983e-15;1.61885e-12;3.10197e-17;5.05827e-15;5.08669e-11;5.96319e-12;6.05164e-11;3.08665e-09;4.12293e-13;6.62213e-15;1.31908e-08;4.95122e-16;6.49341e-15;1.17906e-15;1.17072e-12;1.1704e-12;1.31608e-13;4.22706e-09;3.70659e-13;3.39004e-12;1.08389e-08;4.48431e-13;1.74558e-13;4.62658e-13;6.49237e-10;2.27333e-10;3.35173e-13;1.06087e-11;1.32963e-06;1.13789e-09;3.65896e-08;0.999634;2.96355e-07;1.50218e-05;8.53871e-08;2.26355e-08;1.88864e-11;7.88976e-07;5.88079e-07;1.55863e-08;2.39375e-12;2.53709e-09;6.79191e-13;1.03542e-12;6.01032e-09;5.35296e-10;2.49962e-12;8.40268e-13;5.9434e-10;2.44005e-11;3.53719e-08;1.26099e-11;5.48964e-11;8.88072e-09;3.10473e-14;8.3543e-12;9.61864e-14;5.13935e-10;1.05946e-11;6.17182e-12;1.08901e-17;3.87763e-13;3.65607e-11;2.80498e-14;1.03842e-12;5.72982e-16;4.3244e-10;4.25182e-12;9.3499e-13;2.89101e-12;4.49183e-12;8.56829e-16;2.24312e-10;3.921e-12;1.3949e-12;0.000175946;9.89061e-12;8.39995e-15;1.24404e-15;1.15702e-09;7.42238e-12;3.67978e-15;1.19387e-12;8.05297e-10;2.78405e-15;4.11759e-14;0.000160478;4.58473e-16;4.28875e-14;6.14497e-16;3.32805e-09;6.53992e-12;3.20372e-12;5.27934e-12;2.68979e-14;4.93281e-12;1.56239e-09;3.44749e-12;5.65584e-11;1.63799e-08;7.993e-13;2.40671e-12;5.20367e-12;5.66052e-09;5.37785e-11;6.41508e-12;2.33414e-12;2.8698e-11;4.71622e-10;7.62419e-13;3.78162e-14;4.16747e-09;8.37186e-11;1.90001e-19;2.81551e-15;6.3328e-10;2.97361e-11;6.51193e-14;4.50709e-13;9.32744e-09;8.16558e-13;1.0756e-11;1.33772e-09;1.20763e-11;1.96404e-13;9.51671e-13;6.80216e-11;2.14386e-13;4.12726e-13;4.53704e-11;3.70003e-09;1.23742e-12;4.10578e-12;4.2516e-07;1.89505e-11;6.00904e-13;2.1425e-15;5.2261e-12;1.0047e-12;9.84124e-14;5.36458e-10;6.04716e-12;7.97409e-13;2.43312e-08;1.128e-11;1.02483e-13;6.93362e-14;7.98009e-10;1.83551e-12;8.07202e-13;3.4994e-10;6.29663e-10;1.00726e-12;5.41589e-13;2.14484e-09;2.59676e-12;1.94062e-12;2.56309e-13;3.12527e-09;1.30478e-12;8.97168e-13;3.64934e-09;9.4466e-12;2.62882e-12;1.25537e-08;8.95792e-13;4.23726e-13;2.27642e-12;8.86721e-10;1.48183e-12;2.22793e-12;5.04635e-14;5.18441e-12;3.76191e-11;4.44571e-10;1.47203e-13;3.54628e-14;1.75607e-07;4.53156e-16;5.3825e-15;1.38752e-18;2.7917e-10;7.13387e-12;5.30198e-11;2.53612e-11;4.49832e-08;1.42061e-11;1.99728e-11;3.65329e-09;1.52427e-09;7.09206e-11;1.25054e-10;1.07634e-10;2.02748e-14;2.89795e-14;5.48668e-08;1.38778e-13;2.7034e-16;3.48314e-13;1.14462e-08;1.57211e-11;8.27037e-09;7.16024e-12;4.2451e-13;1.37198e-11;1.6399e-09;9.94852e-13;1.35207e-13;1.03216e-08;8.13365e-14;1.45805e-14;5.6624e-12;1.93825e-09;3.71252e-13;5.0113e-12;7.1623e-10;1.64634e-12;7.5325e-12;3.36555e-12;4.35158e-10;1.7287e-13;1.36769e-12;2.39602e-06;2.88349e-17;4.89068e-15;1.55243e-12;2.45836e-08;8.48322e-12;1.96818e-12;1.98439e-10;8.92747e-12;8.56436e-13;3.22459e-17;6.06041e-10;3.91177e-13;1.20488e-16;7.05455e-10;2.98853e-15;1.61617e-15;1.17034e-19;1.20066e-08;5.2992e-14;1.71992e-12;6.10955e-16;1.30633e-15;4.51208e-15;7.07774e-13;6.42581e-11;3.73234e-16;6.5976e-15;2.50257e-10;1.08574e-14;1.25183e-18;8.16342e-21;8.10543e-10;1.01447e-11;7.67471e-13;7.93055e-10;4.58244e-09;2.42792e-12;2.8961e-12;1.50445e-12;1.64809e-15;6.31305e-16;9.85195e-10;4.44509e-16;1.70093e-13;2.2019e-20;7.01551e-10;9.18464e-13;7.45462e-16;4.92921e-15;6.75027e-18;5.96095e-13;2.32136e-11;1.0014e-14;4.99679e-13;7.63444e-08;4.60862e-20;1.43571e-18;4.64988e-15;3.30192e-11;2.97585e-13;2.64942e-14;4.24015e-10;2.04217e-12;2.67643e-10;2.53154e-09;1.59679e-11;7.27782e-15;7.28504e-11;7.79091e-14;8.09851e-12;2.6649e-11;2.22173e-12;7.94379e-13;5.38539e-12;1.38912e-17;1.59382e-10;1.02606e-12;2.97091e-10;2.97196e-16;1.83145e-14;4.59651e-17;2.04056e-10;3.83624e-13;8.48392e-14;4.32697e-09;2.48623e-13
6.28893e-13;2.71134e-16;7.5447e-15;5.4911e-16;3.24096e-16;3.87185e-12;1.11283e-15;3.49851e-12;6.82923e-15;1.47539e-15;2.19176e-18;2.96919e-13;8.06345e-16;3.37348e-15;1.93974e-14;7.44474e-13;4.02756e-15;7.73228e-15;3.29498e-15;5.16869e-15;1.11622e-13;3.63987e-15;1.85251e-14;4.8276e-15;1.0915e-14;2.90447e-15;1.69173e-13;1;1.26209e-16;4.19923e-16;2.87834e-15;1.09584e-14;2.23863e-17;2.02254e-18;1.20427e-14;3.32712e-14;1.95851e-15;9.90927e-16;4.39466e-14;3.74466e-14;1.17816e-12;2.27812e-14;4.94698e-14;1.74676e-15;1.19833e-13;1.33496e-09;2.31253e-12;5.71213e-15;4.97772e-15;1.05838e-18;1.61572e-14;1.65199e-14;1.89524e-14;1.23654e-17;2.23475e-16;6.32367e-15;7.11992e-15;1.78275e-15;3.58387e-16;1.64775e-15;2.32802e-15;1.25339e-14;4.16151e-14;6.16436e-15;2.20657e-15;1.67249e-15;1.63258e-14;8.16697e-15;6.31136e-15;2.32884e-15;2.77491e-14;2.40696e-15;1.0623e-12;3.99924e-12;1.03338e-15;5.94223e-14;5.54448e-15;1.78897e-13;3.90932e-13;1.44607e-13;1.14653e-14;1.03107e-15;1.82387e-15;7.50165e-17;1.20062e-15;2.35609e-14;4.15055e-15;1.84344e-14;1.38196e-14;1.29245e-14;1.89793e-14;3.66687e-16;4.31474e-15;1.26111e-16;6.37367e-18;9.14032e-16;2.57569e-15;1.77344e-13;8.89821e-14;1.89954e-15;1.91863e-16;3.12703e-16;5.35338e-16;4.49562e-13;1.64966e-13;1.2139e-15;4.86657e-14;6.06663e-15;5.66825e-15;1.41426e-15;8.12852e-14;1.0442e-13;1.48631e-14;1.46179e-14;9.63772e-14;6.23771e-13;6.71786e-15;4.19346e-15;8.67614e-14;2.71537e-14;1.83857e-14;5.81555e-12;4.94141e-14;5.21093e-17;5.09501e-18;1.85982e-17;9.50042e-17;1.49969e-14;1.61718e-13;3.92831e-17;3.96783e-14;7.27605e-13;7.73979e-15;4.00662e-16;2.05248e-12;8.51815e-13;2.73221e-14;1.02291e-14;2.69153e-14;1.97094e-13;1.71291e-13;2.22597e-12;9.86166e-12;2.05776e-13;5.87403e-14;4.32985e-13;1.36327e-13;2.09365e-12;1.96048e-15;3.54877e-14;1.32131e-16;8.06631e-16;2.65107e-15;1.71269e-13;1.35869e-13;6.75793e-15;2.41199e-14;4.30911e-14;6.1487e-14;6.45219e-15;9.01171e-16;1.09588e-14;5.58828e-11;2.14015e-15;6.00548e-16;3.37361e-14;3.22627e-16;2.66529e-15;5.0872e-14;1.02607e-13;1.36431e-14;2.92128e-15;2.58788e-15;9.11253e-12;2.27614e-14;1.13767e-13;3.90061e-17;1.9761e-16;7.9272e-12;5.37642e-13;5.17031e-16;2.6943e-15;7.48458e-16;1.74887e-16;2.82485e-14;5.74096e-13;7.88815e-15;3.4001e-15;4.4089e-13;9.12283e-15;5.41578e-14;6.7861e-15;2.75041e-15;3.47498e-15;2.22839e-15;1.12184e-13;6.80501e-15;4.36146e-13;2.92037e-13;7.00536e-14;1.94767e-14;2.99362e-16;2.2091e-15;2.29798e-15;5.37328e-17;1.97978e-13;2.35158e-15;3.00334e-15;8.25074e-14;7.73662e-15;1.96533e-16;1.02462e-15;1.49502e-13;1.75199e-14;6.86852e-15;1.1148e-15;2.00941e-15;1.33886e-14;3.75699e-17;7.66791e-17;6.05108e-16;1.57641e-14;3.35327e-13;5.98496e-14;3.87339e-13;7.62637e-15;5.03222e-15;8.47258e-15;9.9836e-15;6.28553e-16;8.23111e-15;7.19037e-14;8.65353e-18;1.77011e-15;6.14546e-16;5.00272e-19;1.41691e-15;4.23964e-16;2.19653e-15;1.31571e-14;7.49244e-15;5.47082e-14;7.19096e-15;7.38672e-15;4.12383e-14;2.65727e-15;5.55406e-14;1.92516e-17;2.01043e-15;1.68635e-13;3.19478e-17;1.57618e-15;4.3935e-14;4.89608e-14;6.1334e-14;8.16274e-12;2.62099e-13;2.52e-13;1.2673e-14;2.8744e-16;1.16301e-15;2.91246e-16;5.58712e-16;2.48228e-17;1.79177e-15;2.9426e-15;2.5227e-14;2.11442e-15;2.53995e-14;8.03856e-14;1.44802e-13;7.39096e-14;1.46858e-18;6.4763e-17;1.23209e-16;2.61249e-16;2.13707e-21;1.80148e-16;6.16067e-15;7.71663e-21;6.55812e-14;6.32538e-15;1.976e-13;5.88784e-18;1.05761e-11;3.73162e-15;1.87608e-14;1.22988e-15;3.4674e-18;8.57702e-18;2.31104e-18;1.24618e-17;1.68233e-18;5.17077e-17;2.34185e-14;1.91457e-14;3.6809e-15;1.63842e-18;1.41219e-14;1.82344e-14;2.18385e-15;1.8413e-17;6.12492e-17;1.46978e-17;1.55389e-19;2.7081e-12;8.96555e-12;3.59361e-17;3.12973e-15;2.05388e-15;1.52427e-19;3.64654e-14;3.798e-14;2.91218e-14;1.40865e-15;2.09894e-16;1.38789e-14;9.67977e-16;3.91807e-18;7.6153e-17;1.79756e-15;8.43022e-14;9.70084e-15;1.40961e-12;1.01087e-14;1.11552e-14;6.41775e-20;2.59074e-14;4.56178e-15;2.09462e-15;3.11777e-15;8.17421e-15;1.11191e-14;3.39982e-14;9.38435e-15;1.18982e-12;1.5473e-10;7.22579e-16;5.93462e-16;5.76311e-15;3.9379e-20;1.95152e-14;5.36531e-15;7.04559e-16;1.87554e-16;3.38137e-16;2.69913e-15;2.30276e-12;5.53904e-17
8.98951e-08;1.88894e-11;3.96973e-11;4.45254e-12;1.90782e-07;2.82989e-07;9.9787e-12;2.30127e-12;9.83272e-11;3.9273e-11;5.32003e-13;2.71323e-10;2.70945e-12;3.80416e-10;1.00837e-09;9.98842e-12;2.31753e-08;5.09066e-11;4.29373e-11;9.06708e-11;2.33007e-13;4.80652e-11;1.60883e-11;3.19006e-11;1.07471e-10;5.16061e-10;2.68278e-10;4.62548e-11;2.01281e-11;1.91199e-12;3.63572e-11;8.48963e-11;6.79418e-10;3.4466e-16;7.77951e-13;1.16018e-11;4.61951e-11;2.48622e-11;8.53935e-12;3.93897e-12;7.97659e-11;2.87672e-14;1.23944e-16;9.51061e-13;2.38431e-10;6.86098e-12;2.49841e-11;1.0422e-09;1.74553e-11;1.20949e-08;2.08912e-12;2.63623e-12;1.1136e-05;5.74607e-14;3.08179e-12;1.39779e-10;6.29201e-09;3.01942e-11;8.35363e-10;2.90802e-11;1.56133e-13;3.15039e-11;1.29773e-10;2.0085e-12;1.70012e-11;6.48018e-12;6.90555e-11;8.50795e-11;2.21536e-10;8.93048e-11;8.88122e-09;2.23683e-15;1.60845e-10;9.84838e-09;1.02221e-12;5.87355e-11;1.06303e-10;4.16253e-10;1.65883e-08;1.13308e-09;1.99194e-12;8.7293e-11;5.37465e-09;1.2408e-10;3.88135e-15;9.6647e-11;2.61262e-10;9.65055e-13;1.05823e-11;8.08482e-12;5.3212e-10;3.96409e-10;1.34835e-09;7.77284e-15;3.49779e-12;1.85496e-09;3.50861e-11;6.10201e-11;2.90872e-10;8.36066e-08;1.92387e-07;1.15554e-07;1.11817e-06;0.00108104;0.998901;2.5072e-07;1.83209e-09;6.81505e-10;9.56837e-10;8.94406e-09;3.44311e-06;6.29205e-08;4.14458e-11;2.77469e-11;5.55256e-11;8.68925e-12;1.92059e-11;3.37975e-13;1.12061e-10;1.21559e-13;5.65757e-11;4.07046e-12;4.92269e-11;4.68285e-15;2.16863e-11;2.00452e-12;6.4472e-15;1.92806e-12;5.31804e-10;9.0708e-18;6.34453e-12;5.6236e-12;6.4355e-10;8.70831e-17;1.81281e-12;2.7313e-10;6.71484e-11;8.38811e-10;2.86027e-09;9.52037e-11;7.20625e-09;6.50431e-10;4.97498e-12;2.3012e-11;9.81901e-12;2.75493e-11;1.5455e-10;1.05585e-09;1.43946e-10;5.00344e-07;4.30525e-11;1.42318e-13;8.87328e-08;7.14204e-10;1.38805e-12;1.34823e-11;1.6768e-14;4.46888e-11;3.41415e-11;2.99922e-10;3.7448e-11;3.81868e-10;4.19777e-14;8.38796e-10;1.29375e-10;6.54588e-11;2.05475e-13;2.5395e-11;4.02526e-11;3.64227e-10;4.23154e-10;2.51411e-09;1.52195e-08;1.16508e-12;1.40126e-09;6.54923e-09;3.95583e-09;4.48891e-12;2.23712e-08;2.41656e-10;6.45675e-13;4.84401e-12;6.24408e-10;1.66458e-15;3.33591e-12;4.67254e-09;1.39963e-12;3.17952e-13;2.07674e-10;1.46048e-10;1.90901e-10;1.51023e-09;1.28236e-09;4.65183e-09;9.82265e-11;8.82881e-09;1.7415e-07;1.39875e-12;2.28977e-09;3.46184e-11;1.18121e-09;2.27069e-10;3.91545e-10;3.86548e-10;2.8457e-12;1.85605e-08;9.02715e-11;7.19078e-11;4.35948e-11;6.55772e-11;1.71813e-12;1.69933e-11;1.94504e-09;1.46772e-11;1.3088e-10;6.56908e-10;2.01185e-10;1.55793e-15;8.32027e-13;2.57753e-10;4.07116e-13;5.00982e-11;2.73397e-11;1.68247e-09;4.77037e-11;1.35225e-10;2.55298e-09;3.2242e-09;1.34065e-12;2.91091e-08;3.56843e-11;7.27016e-11;6.06872e-13;3.24751e-10;5.1384e-11;3.51044e-15;6.54126e-09;2.6348e-11;1.87211e-13;5.49576e-11;1.90445e-10;1.04182e-11;1.2299e-10;3.68331e-10;4.45943e-10;1.10406e-11;1.88174e-09;8.07539e-11;4.64282e-14;1.45687e-07;1.6904e-12;9.52334e-13;1.48244e-11;8.45243e-12;9.99289e-11;7.97376e-11;2.20274e-09;9.42232e-11;1.11188e-11;1.30131e-12;1.41885e-11;9.7974e-10;8.04338e-13;4.73079e-12;2.54879e-12;8.68324e-16;1.59995e-11;9.67824e-12;1.212e-12;6.50991e-13;2.34264e-10;1.49122e-10;1.74078e-11;3.62348e-14;2.40123e-13;6.90137e-11;3.29265e-18;2.73124e-10;1.64732e-13;6.52632e-13;3.07324e-12;1.23068e-11;4.00563e-12;2.63686e-19;7.74033e-13;7.29538e-12;1.1589e-11;1.56563e-09;2.84033e-12;7.86376e-11;1.53668e-09;1.35854e-11;3.90197e-12;9.28791e-18;2.6428e-11;5.5616e-11;9.84161e-10;2.19702e-20;3.69176e-12;7.1101e-10;4.16649e-11;5.6755e-12;6.18138e-13;7.54695e-13;5.11636e-13;1.66012e-10;2.2614e-09;1.17717e-18;1.53068e-12;7.34506e-09;1.63456e-20;2.35362e-14;2.96544e-14;3.78708e-11;9.73826e-12;1.306e-10;7.71013e-11;4.06904e-15;3.92015e-15;8.99107e-11;5.52378e-12;3.79805e-10;6.82291e-10;7.14908e-15;1.25103e-11;1.46878e-11;1.19883e-14;8.57264e-11;7.70654e-10;4.73172e-13;1.28523e-10;2.49345e-09;1.89479e-08;9.20272e-12;1.16306e-10;3.85552e-10;3.18157e-11;8.85042e-13;3.13828e-11;1.28097e-09;6.73765e-15;1.05942e-15;2.64755e-09;1.53045e-12;4.23692e-12;5.06793e-10;4.82997e-11;4.4158e-12;3.78469e-12
4.55322e-12;2.53237e-11;4.76036e-12;5.05435e-12;6.08358e-10;1.66089e-10;5.89573e-15;1.27267e-13;4.58005e-11;3.77073e-11;1.7557e-11;6.09097e-14;5.6383e-11;2.24141e-11;4.04866e-11;1.04843e-12;1.06299e-10;1.81783e-12;3.35373e-13;7.9243e-11;1.45265e-12;3.63764e-11;3.15005e-12;9.06538e-12;4.19432e-11;9.53763e-12;3.6943e-14;4.12589e-10;1.80411e-12;7.09613e-11;2.30007e-11;5.12784e-16;1.10287e-10;2.6228e-12;9.13677e-16;6.46464e-12;1.64697e-11;6.68846e-12;6.29623e-12;4.00397e-12;3.16418e-14;6.20823e-12;1.01472e-09;1.03959e-12;1.81095e-12;6.14415e-08;1.50742e-13;3.31919e-11;1.46725e-11;1.31302e-11;6.52083e-16;2.37332e-12;2.23e-12;5.8796e-11;4.28275e-14;1.06503e-12;2.20153e-11;1.32644e-10;8.35577e-11;1.86997e-10;4.23625e-13;1.29264e-10;1.76778e-10;2.43056e-12;4.24576e-12;1.31761e-12;1.29132e-11;7.47693e-11;5.17313e-11;1.54174e-10;7.77431e-11;1.08573e-12;1.3231e-12;1.99689e-11;4.33595e-15;3.2752e-12;7.86976e-12;5.5883e-13;1.97102e-11;7.53786e-13;3.72372e-12;4.09393e-10;2.21292e-08;2.22486e-11;3.9592e-12;9.00268e-13;1.12512e-11;4.13668e-12;1.02992e-12;3.84632e-12;9.21866e-11;3.81443e-11;4.7885e-12;1.49745e-13;9.59917e-12;2.6529e-12;4.01762e-14;6.99822e-14;4.32743e-12;2.27482e-10;2.27552e-10;1.47343e-11;4.56505e-08;3.42747e-10;2.69736e-10;1.35725e-10;7.96256e-13;1.84259e-11;5.23659e-12;1.22954e-14;4.14714e-13;3.53081e-13;5.4187e-11;1.89229e-11;2.30804e-11;4.87265e-12;1.99606e-12;4.81464e-12;3.2329e-12;1.17918e-11;3.3642e-11;7.38699e-11;1.87132e-11;1.04836e-12;3.26835e-10;5.43402e-10;1.04462e-14;8.81055e-09;2.9195e-09;2.58763e-13;1.49529e-11;7.53728e-12;2.71725e-12;1.44516e-16;5.80193e-13;1.98863e-12;2.36114e-09;3.45126e-08;5.06617e-10;2.08889e-10;1.85062e-08;4.89888e-10;2.67488e-11;4.88483e-11;5.6987e-12;1.84656e-10;4.64205e-11;6.02503e-12;8.5277e-12;1.97521e-10;4.40808e-12;1.91803e-11;6.11057e-13;6.70205e-14;2.78975e-13;1.04446e-12;8.19956e-13;1.30126e-12;5.07022e-12;4.6444e-12;2.36581e-11;1.50089e-10;4.21419e-13;2.73305e-11;1.2623e-12;1.88134e-13;4.49308e-12;9.69558e-11;1.26622e-10;1.05048e-11;2.11187e-10;1.11923e-09;2.86861e-11;6.40958e-14;1.07593e-10;5.54506e-10;2.32343e-12;5.49e-12;2.00149e-10;3.50758e-11;5.22209e-11;8.175e-10;5.80389e-11;6.63441e-11;1.61438e-09;1.03286e-11;5.26261e-12;8.79782e-12;3.74468e-10;2.34695e-11;1.56392e-11;1.18326e-10;4.03379e-10;1.82497e-10;4.696e-09;5.77363e-10;4.70927e-10;1.16877e-11;2.38293e-10;4.01097e-11;1.18232e-10;3.36387e-11;7.49751e-10;1.87701e-11;1.8843e-13;2.66058e-10;2.71944e-11;7.12164e-13;3.89827e-11;9.81843e-12;9.66274e-12;3.25914e-13;4.74614e-11;4.33119e-12;3.80276e-11;4.4894e-10;1.76854e-10;5.49349e-12;3.05246e-09;1.75374e-12;4.65454e-13;5.55974e-11;4.88789e-11;1.90565e-10;4.05893e-12;1.13298e-10;4.33721e-10;3.18477e-11;1.16206e-11;2.02627e-11;6.03928e-12;1.01931e-11;1.1549e-11;1.9971e-09;1.37081e-10;1.47515e-11;2.68367e-13;1.8796e-12;4.78894e-13;1.28373e-11;2.05592e-12;2.30794e-13;1.29333e-12;3.82584e-11;1.66065e-11;1.92565e-11;1.25546e-09;8.38809e-11;2.33982e-13;1.95071e-13;3.07699e-11;9.46289e-13;7.36768e-13;6.27618e-12;1.87221e-12;1.76047e-12;2.62947e-12;1.11479e-12;2.48554e-11;3.71664e-12;7.31874e-11;6.98161e-11;6.1341e-12;2.33901e-13;2.78751e-12;3.73026e-14;1.33638e-10;8.42204e-12;1.5682e-12;9.78024e-12;1.11937e-10;2.111e-12;4.89253e-14;8.91721e-07;2.89837e-05;1.54222e-06;0.0012064;0.99863;5.95883e-05;7.2255e-05;2.60311e-08;9.61947e-09;4.28276e-09;2.63184e-12;1.14586e-07;7.07023e-11;1.13203e-12;2.68064e-11;3.76458e-12;8.3666e-13;8.28692e-13;4.08506e-14;2.03725e-15;3.89499e-19;3.29586e-12;4.6159e-12;7.56295e-12;5.67648e-18;7.74765e-12;4.11735e-13;9.54271e-12;3.01609e-14;8.86927e-13;2.44862e-12;1.50039e-10;6.53322e-13;2.1587e-13;2.15605e-15;1.20374e-11;4.19542e-10;2.95042e-14;3.47901e-12;2.89019e-13;1.40366e-12;4.64683e-11;3.15991e-11;3.33258e-11;1.19054e-16;3.0166e-11;6.8571e-13;5.79917e-17;5.07508e-12;5.35192e-13;1.70165e-12;1.04734e-11;4.03627e-12;6.89237e-16;1.8893e-12;4.15387e-13;6.48972e-13;3.0397e-10;2.01019e-10;1.60689e-11;2.4676e-14;1.73294e-10;2.44048e-12;2.10448e-09;6.22597e-15;2.21538e-10;1.38882e-10;1.05845e-15;6.7458e-17;3.60966e-11;1.35772e-12;2.06248e-12;2.77543e-11;1.03789e-11;6.62851e-15;6.26572e-15
5.15817e-13;1.56325e-11;1.24307e-11;1.74844e-13;1.91682e-11;1.71069e-11;5.83875e-14;2.01989e-11;3.76899e-12;8.17289e-12;3.2855e-14;1.45904e-12;2.1813e-15;2.9822e-13;2.64856e-12;6.52981e-14;8.56131e-13;9.86603e-14;4.76601e-13;1.94261e-12;2.44762e-13;1.25392e-13;3.02795e-12;2.16636e-11;1.87238e-12;2.88348e-12;9.87202e-14;1.08069e-12;2.75267e-15;2.79686e-11;8.48707e-14;1.33343e-12;1.05615e-13;2.09813e-11;2.73337e-14;1.73764e-14;2.6427e-13;5.08863e-14;3.61992e-12;5.138e-15;1.65831e-16;7.16604e-10;8.51827e-12;8.26059e-14;1.46903e-11;3.84252e-13;3.12693e-16;3.03267e-15;2.06951e-12;5.01656e-14;4.36911e-14;3.72886e-13;1.42708e-17;4.0126e-10;9.75242e-17;6.51486e-14;1.95156e-14;3.29929e-13;5.86807e-13;2.68171e-11;3.40259e-11;6.53218e-14;8.50087e-14;1.29866e-12;4.15341e-14;4.73265e-12;1.70846e-12;1.97477e-12;1.22222e-13;1.68339e-12;1.13847e-12;5.44971e-13;1.08819e-12;3.57603e-14;6.62318e-15;1.30195e-13;1.35362e-12;3.06068e-12;9.49455e-13;4.35444e-13;2.10538e-13;7.41366e-13;4.27112e-11;2.50386e-11;1.29977e-10;3.55693e-12;3.66571e-15;2.26339e-14;5.80338e-13;1.58139e-13;3.57494e-13;3.51054e-11;3.46721e-13;1.45159e-11;1.49657e-11;3.74479e-15;2.73681e-13;1.142e-15;1.36873e-14;1.08784e-14;7.78241e-12;2.6997e-13;4.01071e-11;2.88997e-12;2.09564e-16;3.84303e-14;9.23022e-15;3.057e-14;2.08358e-13;2.8976e-16;2.48462e-14;7.17794e-17;1.0875e-13;6.58596e-13;1.9632e-12;3.82062e-16;2.28881e-14;4.10935e-13;1.78029e-13;2.98426e-14;3.02081e-12;8.2271e-15;4.09417e-13;6.9223e-16;2.49043e-15;1.55714e-15;1.77376e-12;2.53575e-14;1.26583e-17;1.12405e-14;2.9048e-14;9.30655e-14;5.31967e-14;1.60937e-12;5.80809e-13;5.16971e-16;2.41768e-14;1.83877e-12;3.27982e-13;3.0548e-15;9.141e-14;2.16404e-17;2.12034e-14;3.41781e-13;5.14678e-14;2.59433e-12;5.89234e-15;1.02885e-13;1.97106e-14;1.22029e-11;7.39793e-14;1.70116e-13;9.32932e-15;2.97435e-17;6.94071e-14;6.41758e-14;4.29456e-15;1.16349e-13;2.27464e-14;1.56205e-12;7.3465e-12;2.25388e-11;7.30883e-11;3.52444e-11;1.1436e-14;7.31151e-14;4.29725e-12;5.96384e-11;7.90821e-14;6.78935e-13;4.97179e-13;8.68805e-12;7.65268e-14;2.30633e-13;8.45305e-13;2.78398e-16;9.07296e-12;4.63881e-15;1.18473e-11;4.10039e-13;1.9082e-14;9.00237e-13;6.53715e-13;1.92904e-11;1.57135e-14;1.05095e-14;2.11798e-14;1.55486e-12;3.25731e-12;4.94393e-13;7.32003e-14;1.04476e-14;1.05492e-12;2.03089e-13;2.69867e-13;6.50457e-14;9.88082e-16;2.06903e-12;6.52763e-13;2.86569e-13;1.75312e-13;2.35152e-13;1.14363e-11;2.17056e-13;1.45197e-11;6.43605e-12;2.5421e-13;4.9453e-12;8.16867e-13;1.16155e-12;8.04798e-12;1.15352e-12;5.84244e-12;2.77422e-13;3.55892e-14;1.15444e-11;4.46622e-13;8.23855e-13;1.72517e-13;1.46739e-15;4.88585e-14;3.4697e-13;3.98062e-13;4.59242e-13;2.62578e-14;2.62967e-13;1.3008e-10;1.16499e-12;1.53225e-10;1.99862e-13;7.09891e-14;2.86148e-12;7.24847e-13;1.82451e-11;1.2132e-11;9.43592e-12;1.19402e-11;2.64577e-14;2.03485e-11;5.12145e-13;1.37861e-12;1.19023e-11;8.25916e-13;8.02978e-13;2.06392e-13;1.59856e-14;4.46729e-13;9.21221e-13;1.41353e-12;2.93094e-16;1.46425e-17;1.09925e-15;1.43312e-14;1.05036e-12;4.41947e-14;1.12687e-14;4.59755e-15;1.82724e-15;8.18203e-11;7.51442e-10;2.76905e-08;2.14405e-08;0.999996;3.04068e-07;9.53445e-09;2.3046e-07;2.04345e-10;2.15102e-11;1.77428e-10;2.03196e-10;1.87817e-10;1.23756e-12;8.46782e-20;7.1942e-17;7.04921e-13;5.96946e-14;1.75098e-15;3.08886e-16;4.15319e-17;4.10667e-14;6.94788e-14;8.23711e-13;8.41443e-13;5.47172e-15;1.13373e-14;8.10764e-17;2.35801e-13;6.29246e-16;1.00981e-11;1.03296e-14;2.31875e-14;9.83838e-17;4.31556e-22;2.8941e-15;3.93217e-13;2.96152e-13;2.15731e-13;3.06777e-12;4.40611e-13;2.8412e-14;2.57135e-13;1.07721e-17;5.49085e-15;4.20229e-15;2.25633e-13;1.36169e-15;2.78789e-18;1.01747e-12;1.20356e-13;1.01545e-12;2.42851e-10;4.35633e-14;1.21586e-15;2.12545e-12;1.71759e-13;3.10929e-11;4.48857e-12;9.97354e-19;3.53591e-06;5.08136e-15;9.8615e-14;8.55041e-14;2.52306e-13;1.43273e-15;1.20562e-13;4.41858e-12;1.09282e-14;1.06894e-12;4.50466e-14;1.37478e-12;3.30596e-12;3.58648e-11;6.0961e-13;1.78835e-15;4.07991e-12;9.11383e-15;2.23304e-12;5.61172e-15;2.52353e-13;8.72601e-13;1.64011e-15;2.86783e-16;8.32454e-15;2.85619e-15;8.41532e-15;3.43885e-13;1.79373e-13;1.22958e-14;6.58202e-15
3.64143e-13;1.56207e-14;1.86927e-13;5.57173e-14;2.67212e-12;5.13753e-11;4.95142e-12;7.75436e-11;1.23614e-10;8.80228e-12;1.38968e-10;8.97617e-14;5.96913e-14;7.04926e-13;1.8639e-12;1.02495e-12;6.80144e-11;3.24275e-12;3.42667e-13;5.38931e-11;2.07243e-10;1.05907e-13;1.23449e-11;7.90805e-14;1.14413e-12;5.08677e-11;1.63955e-12;4.24129e-11;3.42427e-14;1.65042e-12;8.08456e-12;6.00544e-12;6.88961e-14;5.66422e-06;1.2084e-16;1.46071e-11;3.07644e-12;1.64974e-12;6.62969e-13;1.07798e-12;3.69557e-10;5.73221e-12;5.23894e-13;7.22993e-13;7.97734e-11;2.60752e-09;5.02027e-10;7.1454e-15;6.59472e-13;4.53014e-14;5.92512e-13;2.18445e-15;1.83666e-07;1.28582e-14;4.66912e-17;4.93922e-14;1.75373e-11;3.52163e-13;2.69875e-12;5.40398e-11;5.22484e-12;9.72037e-12;9.25054e-07;8.24449e-14;3.85358e-12;1.44069e-13;7.73107e-13;1.30782e-10;6.03652e-14;1.66119e-13;2.94624e-13;2.22083e-12;2.24259e-13;7.1379e-11;9.12815e-17;2.877e-12;4.4566e-12;5.66861e-13;2.25161e-13;1.51161e-09;1.02119e-13;1.10521e-13;7.68761e-13;7.60769e-13;2.10367e-13;2.01857e-14;1.30532e-11;1.73905e-14;4.45492e-12;1.97646e-12;3.59992e-13;1.99011e-11;2.36129e-12;4.55379e-12;1.31622e-11;9.24247e-10;5.39818e-15;8.38167e-12;4.05579e-12;8.27558e-14;2.88263e-13;8.33169e-13;1.39429e-11;1.08138e-12;3.32789e-08;2.93489e-15;4.94466e-12;4.12603e-13;2.61128e-12;5.84515e-17;2.23857e-14;1.4752e-09;1.16729e-11;2.26271e-12;1.066e-10;6.82368e-15;1.95228e-12;1.72128e-05;1.75292e-12;1.26983e-13;3.40515e-13;9.66351e-14;5.40627e-14;5.65055e-16;1.01255e-14;1.65829e-12;8.90289e-17;2.25228e-11;3.78344e-08;1.7748e-18;4.382e-12;8.1909e-12;6.39427e-12;1.72737e-16;1.45438e-11;1.09112e-10;1.91987e-13;2.6585e-13;2.2591e-12;2.51088e-12;1.68159e-11;1.78067e-08;3.73464e-12;1.01045e-11;5.19388e-16;7.05426e-12;1.18101e-11;2.10666e-13;1.08657e-12;6.1426e-11;4.64521e-13;1.37536e-11;3.79021e-11;1.38589e-10;7.43861e-15;8.71236e-12;1.59786e-13;4.99263e-13;1.37007e-11;4.25885e-12;2.16226e-12;1.10366e-11;1.07023e-08;4.66522e-13;3.20777e-07;3.23384e-12;4.38015e-10;2.90643e-12;1.5611e-10;1.97859e-12;7.56527e-14;1.42756e-12;2.45422e-13;9.46245e-15;4.52772e-14;1.03028e-10;8.51872e-17;1.12084e-15;3.77969e-15;2.92518e-11;4.24511e-13;2.87032e-12;1.79586e-12;3.08439e-12;2.84639e-13;7.95053e-08;9.66217e-13;1.25936e-13;1.71966e-11;1.00961e-12;3.65942e-12;9.40565e-13;9.64546e-12;2.38716e-10;1.44177e-12;1.62552e-12;1.73932e-08;7.61029e-14;4.47615e-11;4.73479e-12;2.26552e-11;1.06201e-12;3.62928e-12;1.36521e-12;8.91957e-13;3.24584e-11;7.5993e-08;5.05566e-13;3.94925e-12;1.33947e-12;1.20392e-11;1.075e-12;1.29408e-11;9.92544e-13;6.25639e-14;1.54892e-13;1.50098e-12;1.31852e-13;1.28074e-11;4.1016e-09;8.23077e-14;1.18494e-12;4.57637e-12;2.43392e-12;8.49586e-11;3.02309e-12;3.5656e-11;5.05023e-12;5.28491e-12;4.3199e-11;5.19948e-09;1.20956e-14;6.60695e-09;5.31314e-09;1.00021e-08;2.13351e-06;9.04537e-09;0.999966;3.4988e-09;1.93722e-09;4.2803e-10;4.46468e-06;2.58489e-09;2.32298e-06;5.80309e-12;1.64542e-14;5.89899e-14;1.19661e-14;1.59761e-14;1.09071e-16;9.85655e-11;7.83094e-17;3.55976e-12;5.20898e-12;4.75605e-12;7.00059e-14;2.29771e-13;7.6654e-11;7.92767e-12;1.66576e-12;2.05887e-12;3.13405e-12;1.21001e-10;9.95415e-16;5.19129e-09;9.89201e-14;1.50749e-12;1.0878e-10;9.41182e-12;5.53732e-14;1.49964e-12;2.15946e-11;5.59571e-19;7.74081e-16;4.3716e-14;1.20907e-14;6.70837e-17;9.98055e-15;2.10149e-11;2.68115e-19;4.95886e-12;9.02607e-10;2.14927e-11;8.54026e-14;1.0039e-10;1.17527e-08;1.10573e-13;1.18952e-16;9.787e-15;3.56597e-15;5.88043e-15;5.94494e-18;6.44483e-10;8.00545e-08;1.18445e-12;1.81299e-12;5.83437e-12;3.59896e-16;2.32867e-14;5.32009e-11;8.54562e-12;2.82991e-15;3.78423e-14;6.58791e-14;9.60165e-18;4.56486e-13;9.09856e-09;1.15998e-15;4.36652e-12;1.82116e-12;1.622e-11;5.00654e-13;8.21235e-07;6.65557e-11;4.90606e-14;1.87792e-12;2.43031e-12;1.92153e-15;5.39309e-12;5.25467e-09;1.82747e-12;6.56988e-13;3.95248e-13;8.18308e-18;1.32122e-11;2.37709e-10;5.68905e-11;6.26333e-16;1.26702e-09;2.14756e-13;8.44879e-13;7.87895e-13;2.57058e-13;4.46451e-16;3.7245e-11;2.95237e-09;4.16243e-13;1.43515e-16;7.75004e-13;9.09336e-12;1.0373e-18;7.23492e-13;3.44089e-09;2.18248e-12;1.65341e-13;1.89544e-11;5.89768e-11;1.00436e-12;2.14328e-14
1.47136e-09;1.42593e-11;1.1397e-12;4.78561e-14;3.90938e-14;5.67015e-10;3.12412e-13;5.25554e-12;2.0161e-11;2.57303e-12;3.4275e-13;2.42216e-11;2.23697e-12;1.42562e-12;2.44289e-12;1.01312e-11;1.3083e-11;2.1622e-13;2.82213e-13;2.71862e-13;6.6246e-14;8.45679e-12;1.09334e-12;3.41384e-10;9.36335e-10;2.7567e-12;1.14163e-10;1.79899e-14;2.82908e-14;5.4783e-14;2.04893e-13;1.28084e-15;3.60227e-09;3.45857e-13;1.16485e-13;7.75583e-14;1.03718e-12;5.24335e-13;8.27519e-17;2.72778e-13;4.32427e-15;5.48618e-12;3.11457e-13;2.43357e-15;8.52679e-14;1.74169e-13;9.63098e-15;1.04153e-13;2.19703e-13;2.09574e-14;5.06813e-13;9.6046e-16;4.714e-14;7.05837e-12;8.30661e-19;2.68234e-13;5.87039e-13;1.62463e-12;2.31429e-11;7.36514e-12;5.03397e-11;4.73612e-11;9.67274e-12;9.1733e-13;4.80794e-13;1.3095e-12;2.79595e-12;2.9797e-12;4.90071e-13;6.11924e-12;1.25074e-12;2.948e-16;5.13191e-09;1.09149e-15;5.04514e-13;9.70239e-13;5.00585e-12;1.2952e-11;9.75618e-12;5.56271e-12;3.66432e-13;7.81495e-14;1.05059e-12;1.52196e-12;2.92524e-16;5.56835e-11;5.58371e-14;7.00552e-14;1.02167e-12;1.96298e-13;2.21177e-12;2.5513e-11;7.60449e-13;5.6206e-14;2.20742e-09;3.48356e-15;1.50875e-13;1.6412e-13;3.06328e-13;1.00997e-14;1.21225e-13;1.83617e-12;3.56843e-15;3.5185e-11;2.78628e-12;2.02269e-12;1.3762e-12;2.8076e-13;6.6644e-13;5.7175e-15;1.01678e-12;1.06159e-12;1.76624e-12;2.66991e-12;8.4757e-12;1.80637e-13;5.95264e-10;1.71572e-12;5.62954e-11;4.94905e-15;8.42038e-12;7.31544e-15;1.36665e-13;2.6741e-15;5.97917e-13;7.44789e-13;2.83523e-15;2.16933e-12;1.79011e-16;1.20733e-13;4.33181e-12;2.44472e-11;9.79957e-13;1.33337e-16;8.13469e-13;6.23639e-10;3.29026e-12;4.67173e-11;2.60216e-12;1.68428e-12;4.28288e-11;3.70295e-15;1.80863e-11;4.9217e-13;8.31626e-12;1.19258e-11;3.01127e-13;8.09099e-13;1.31195e-11;5.36382e-10;1.25753e-11;3.16515e-15;2.34002e-10;9.67929e-14;3.99025e-14;2.54798e-13;6.90301e-17;4.27945e-12;1.24878e-12;3.89228e-12;1.35649e-12;4.54791e-12;1.35589e-11;2.66696e-09;2.31469e-13;4.71935e-14;1.99162e-14;4.06709e-13;3.17007e-13;1.54368e-12;9.42989e-13;1.81479e-12;2.08173e-12;2.00029e-14;6.24813e-11;1.07352e-14;6.58706e-12;7.28692e-14;1.01645e-11;3.26946e-11;3.56393e-13;4.60273e-12;2.97265e-12;6.67174e-16;3.05642e-12;8.25613e-15;1.13556e-12;1.22048e-12;1.21635e-10;9.40886e-12;2.23046e-13;8.03242e-14;2.67299e-12;1.03586e-12;1.06647e-14;3.47466e-11;1.94959e-15;1.31275e-13;5.4557e-15;2.51812e-12;1.15e-13;1.34849e-12;6.69193e-13;4.27645e-13;1.45864e-14;1.98406e-11;1.04492e-13;3.39514e-13;1.62435e-12;5.11838e-13;8.43263e-15;1.30463e-13;1.04172e-12;9.68468e-13;2.60666e-13;7.98399e-12;4.72235e-12;3.33872e-14;3.56686e-13;6.02766e-15;8.75764e-14;6.89445e-13;1.00761e-10;2.89855e-12;1.927e-12;4.04023e-12;3.08178e-11;2.90432e-11;1.66283e-13;6.30706e-08;3.89277e-13;1.04277e-13;4.09296e-12;7.13254e-12;2.76114e-12;1.16343e-14;2.86395e-08;1.12969e-14;4.75248e-15;7.45938e-13;4.74943e-12;6.34897e-14;5.06903e-12;3.92026e-13;6.49259e-12;4.71822e-14;3.84972e-12;1.35124e-13;5.25965e-17;2.03019e-08;7.5519e-15;8.79941e-14;8.4943e-13;1.23424e-11;1.25328e-11;1.16115e-13;6.01956e-13;5.17139e-13;1.20225e-13;3.5921e-14;2.38831e-13;3.45006e-14;1.31576e-16;3.83736e-13;5.69217e-17;3.99225e-16;1.75724e-12;7.14119e-13;5.54657e-14;4.18725e-14;1.58511e-12;3.78361e-14;7.11476e-20;3.74642e-15;1.09162e-14;3.13769e-14;4.78543e-19;3.96109e-15;2.06998e-15;1.16895e-16;2.12796e-13;1.85731e-13;4.71753e-13;2.722e-16;3.11635e-14;2.86864e-14;3.68957e-13;1.60731e-16;9.38552e-14;7.2517e-16;5.69924e-14;1.52436e-10;2.33884e-15;2.48764e-17;3.14727e-15;4.77102e-13;3.04459e-12;4.10295e-13;3.79791e-11;1.30172e-13;9.45158e-13;2.81888e-14;9.75037e-13;2.11255e-14;1.6796e-15;4.60949e-09;1.26989e-16;3.85201e-17;9.51955e-13;5.96593e-13;4.93616e-16;1.65802e-12;4.96018e-14;4.53268e-12;1.23386e-12;7.22037e-11;1.28719e-12;4.42362e-12;1.47632e-13;4.10983e-15;4.00971e-12;1.30796e-12;1.21076e-12;5.37546e-16;1.15412e-12;4.21836e-12;2.13123e-15;4.13523e-11;6.29585e-14;2.7714e-12;1.00474e-11;5.15849e-11;1.71759e-11;2.74696e-12;9.01075e-13;5.23889e-12;3.26529e-11;0.999868;1.09859e-07;1.16812e-07;1.51742e-07;0.000131719;1.6982e-08;2.16626e-09;1.29493e-08;1.06026e-07;4.73569e-09;5.60228e-08;7.749e-09
1.12908e-05;5.25313e-07;6.43655e-06;6.79582e-08;5.14862e-11;3.88406e-09;2.4165e-12;1.41669e-09;7.22749e-08;1.95167e-08;3.08338e-12;2.23036e-07;9.67191e-08;2.88653e-10;6.55299e-10;7.95211e-07;1.28049e-08;4.32178e-11;2.50997e-08;1.11934e-08;4.47305e-10;4.47418e-10;2.41047e-10;4.8099e-10;3.20192e-08;9.57829e-13;4.00891e-11;4.2492e-10;8.06906e-11;3.2728e-07;2.72421e-09;6.08661e-12;7.32834e-10;1.86361e-15;1.46136e-13;1.44299e-11;1.25939e-10;5.6808e-10;1.29304e-14;2.78933e-14;5.16738e-15;8.80861e-07;2.07272e-08;1.51589e-10;1.7644e-10;2.82873e-12;1.58093e-13;3.63263e-10;1.42608e-08;1.71762e-07;3.30005e-12;1.25191e-12;7.76649e-15;1.24401e-12;5.35259e-11;3.78968e-09;1.2543e-10;1.31894e-09;5.82519e-10;3.78773e-07;4.63837e-07;1.15704e-09;6.84599e-11;2.60293e-11;3.79476e-10;1.11381e-09;2.14649e-10;8.64888e-11;1.66086e-11;7.98238e-09;1.58916e-08;8.92064e-10;7.78595e-09;5.85472e-17;1.00248e-11;4.49448e-11;6.22057e-10;1.82798e-13;2.03152e-09;9.13592e-13;3.31612e-11;2.1297e-13;1.1421e-07;2.37982e-08;6.78184e-14;1.10132e-11;3.04112e-12;1.29089e-13;7.04075e-11;2.09993e-11;1.37379e-08;1.02401e-07;8.10843e-10;1.61209e-08;7.44893e-08;8.33846e-11;9.1467e-10;2.1026e-10;2.45421e-10;7.08755e-12;2.41954e-08;5.77644e-07;3.91375e-12;9.47009e-09;2.30082e-12;7.7352e-12;2.55305e-11;8.75136e-11;2.5128e-10;1.35214e-12;4.46689e-10;3.87004e-13;1.15133e-10;2.20301e-10;1.75208e-09;1.53414e-10;9.94465e-09;5.54621e-14;5.44426e-09;3.41707e-10;2.91376e-10;3.71674e-12;1.73999e-10;2.12187e-12;2.5762e-07;5.24826e-08;3.80532e-11;1.63704e-12;5.67756e-17;4.16538e-16;6.23198e-11;3.75311e-08;1.15015e-08;1.41117e-14;3.02214e-12;9.00587e-11;1.31328e-06;0.000462696;0.000486761;0.997178;0.0017685;9.60901e-07;1.29427e-07;1.52167e-08;5.54907e-07;3.42096e-06;5.77465e-09;4.47565e-09;9.71635e-11;6.02763e-09;2.85769e-08;1.56592e-10;1.95988e-09;5.42995e-10;2.2128e-10;3.11356e-10;6.49499e-12;1.72281e-09;1.0049e-10;1.43388e-09;1.1763e-09;1.36675e-06;1.9959e-09;4.2523e-08;4.91798e-12;9.88531e-11;3.003e-12;2.76849e-10;2.11901e-11;3.62715e-08;6.07846e-09;1.69685e-06;7.03719e-08;2.88179e-08;1.00807e-07;3.39009e-09;3.25648e-10;1.51656e-10;4.08455e-10;8.4844e-11;2.92977e-11;6.58964e-07;7.17043e-09;1.41985e-10;1.30561e-09;9.38104e-13;1.77147e-11;1.29538e-11;1.16423e-09;8.69156e-10;6.36521e-10;9.5862e-11;6.54544e-08;2.63613e-09;5.74875e-11;2.42711e-07;2.02606e-10;3.1253e-09;3.41122e-11;7.7997e-08;2.26801e-09;3.57255e-08;5.55715e-05;1.09453e-05;1.71021e-08;2.63574e-07;1.49719e-08;7.74066e-09;3.33016e-10;2.08592e-09;1.42383e-11;1.43911e-10;6.95503e-09;1.43301e-09;6.30134e-10;5.34823e-07;1.03258e-07;2.57479e-11;1.27269e-09;1.76083e-11;1.59197e-13;1.07584e-10;6.65188e-09;1.66316e-10;5.02624e-10;1.75926e-10;2.66883e-08;4.69052e-08;2.03961e-12;5.79355e-09;4.31583e-12;1.51995e-10;1.78521e-10;1.76575e-07;6.85704e-10;1.91898e-10;2.91579e-11;8.24127e-16;1.03819e-13;3.9717e-12;4.45461e-10;5.37263e-12;3.31553e-09;2.44894e-12;7.40232e-10;5.34798e-11;3.88921e-07;5.50811e-09;2.36229e-12;1.20976e-12;6.43484e-15;4.26558e-13;3.36191e-11;3.2938e-11;7.69235e-09;2.20923e-13;1.4009e-09;6.3386e-12;2.47316e-11;5.01941e-13;3.88253e-10;1.53306e-09;2.28998e-15;1.93905e-11;2.96473e-14;7.7502e-14;1.73927e-10;2.91783e-10;1.56841e-09;2.3229e-13;1.22291e-09;2.90242e-12;3.51859e-18;1.08895e-10;4.26645e-08;3.77783e-07;2.74234e-13;2.11009e-10;6.57894e-16;1.07293e-11;2.33859e-11;1.90117e-10;5.19042e-11;1.82131e-20;3.51207e-13;7.48209e-11;1.47603e-11;8.29941e-13;4.60732e-08;1.39507e-08;5.23912e-12;5.09432e-14;1.60188e-16;5.95763e-15;2.96351e-12;1.4221e-09;4.7376e-10;2.13171e-15;1.58409e-09;3.03397e-11;7.37843e-10;1.41034e-12;4.01457e-08;1.5659e-09;2.72169e-09;1.19846e-08;1.3084e-13;2.39032e-15;1.20198e-10;3.72438e-10;5.72985e-18;2.35395e-11;3.0529e-13;2.24894e-11;5.92095e-11;4.36646e-09;9.7721e-10;2.40866e-14;1.68462e-14;1.23854e-11;1.15548e-12;1.43418e-11;2.02162e-11;6.25474e-11;8.19633e-11;2.70941e-08;4.32757e-09;1.2505e-09;1.36797e-12;3.17171e-12;7.9224e-10;4.84279e-09;8.48034e-09;1.29247e-10;4.73091e-10;3.03936e-10;9.60891e-14;2.47865e-14;4.00851e-10;2.66314e-08;1.2613e-12;1.23424e-06;9.05561e-12;7.77299e-18;6.11892e-12;8.00398e-09;9.29226e-11;4.12947e-13;2.11066e-12
4.51146e-12;3.25043e-13;1.59067e-12;4.92733e-10;5.82752e-13;4.18061e-11;1.25705e-15;3.28988e-13;3.81889e-12;8.30856e-13;9.37582e-18;5.47861e-14;1.15612e-07;4.73982e-13;2.59174e-11;1.00416e-09;2.53207e-11;7.68849e-13;2.10607e-09;4.57365e-11;6.6572e-15;3.87444e-14;1.70549e-11;1.84739e-12;8.30661e-13;2.73514e-12;7.83253e-12;1.20675e-10;1.67565e-15;1.11194e-11;8.33262e-12;9.20926e-16;9.15462e-15;5.93445e-16;5.06761e-11;1.35646e-13;2.21335e-12;3.55444e-11;3.26173e-12;2.44009e-15;2.39156e-14;2.12745e-09;7.73969e-10;7.29443e-09;1.57684e-12;9.17761e-12;1.01191e-11;5.42781e-14;8.82394e-12;3.33421e-11;7.15331e-15;2.5313e-18;1.00693e-16;1.88041e-12;2.92919e-13;4.16925e-12;1.78708e-11;3.07164e-13;4.49777e-12;5.74637e-11;6.90667e-13;2.67997e-13;2.68825e-10;4.9981e-08;1.658e-11;3.2817e-09;1.81439e-12;2.04676e-12;1.09342e-13;8.16547e-12;5.43444e-11;1.83603e-12;1.16488e-12;3.22777e-13;3.58825e-06;5.29815e-13;3.68738e-12;2.25974e-11;2.0523e-12;4.51332e-12;3.06428e-13;7.21245e-16;8.9093e-12;2.85916e-11;7.35352e-10;2.46476e-12;1.7451e-13;1.51983e-06;6.78027e-11;2.15693e-12;2.66072e-12;8.52963e-11;4.05586e-11;1.08507e-12;5.49875e-13;3.23758e-12;5.51053e-07;4.41271e-12;3.23673e-09;3.60039e-17;1.32606e-14;1.6176e-10;1.4517e-10;6.99964e-13;7.25921e-16;2.90159e-06;1.94756e-12;4.31518e-11;1.36568e-11;5.35272e-11;2.19517e-10;9.95994e-13;2.9907e-12;9.20891e-11;2.4991e-10;2.57535e-15;5.75229e-12;5.14164e-14;1.41631e-06;2.10453e-11;1.0796e-13;6.0544e-10;2.66023e-11;1.00209e-14;1.00821e-12;2.37519e-13;2.24663e-08;7.12377e-13;7.47446e-14;3.04761e-08;6.50817e-13;5.16277e-12;2.06038e-10;4.54679e-13;1.12492e-14;9.98496e-11;4.25904e-13;3.95312e-12;6.32032e-11;8.0193e-12;1.50827e-11;2.70683e-11;5.85888e-09;1.94232e-11;1.61885e-13;1.351e-10;2.72903e-12;7.76126e-12;5.48338e-13;9.76663e-12;1.12685e-10;7.23667e-13;1.80721e-14;7.81335e-13;2.19709e-09;6.72341e-13;1.75665e-12;2.79069e-12;3.86574e-11;1.0612e-12;4.90602e-12;2.34274e-11;1.34259e-13;3.22085e-11;6.16565e-14;1.4181e-08;8.69333e-13;1.68222e-10;8.37288e-10;1.36643e-11;4.79333e-14;1.36187e-11;1.5895e-11;3.38029e-14;2.15494e-12;6.99975e-12;3.27995e-09;1.82452e-13;4.61507e-12;2.80146e-12;1.85423e-14;1.40497e-11;1.73334e-12;1.555e-13;6.93856e-13;2.23122e-15;1.64614e-10;1.07123e-13;2.45617e-13;1.34923e-12;8.06126e-12;1.67123e-13;1.02159e-11;3.87167e-11;9.18225e-12;2.42216e-12;1.53737e-10;9.53803e-07;6.80386e-11;1.17285e-10;6.10167e-11;2.96911e-14;3.26742e-12;2.10763e-11;4.23514e-13;7.14618e-13;1.50245e-13;4.58148e-11;3.53246e-13;7.32819e-12;5.99898e-14;4.80485e-13;2.1497e-13;4.73783e-13;1.10219e-15;1.70219e-11;1.00487e-12;1.40285e-13;9.01368e-16;6.46511e-15;4.87524e-10;3.7961e-13;7.38207e-13;5.92341e-13;4.25943e-12;2.73056e-12;3.62875e-10;9.47536e-12;4.14449e-09;5.08269e-14;1.28052e-11;3.47197e-07;7.28638e-15;3.05951e-11;2.19759e-11;1.55741e-13;5.0487e-14;2.82998e-15;5.80173e-07;1.16749e-11;1.96917e-11;1.94675e-10;2.31574e-12;2.80046e-10;1.1997e-12;6.74949e-16;1.70551e-11;1.52102e-11;9.77392e-14;5.08925e-17;6.05708e-13;2.41277e-06;5.25019e-14;5.72138e-13;2.46863e-11;1.42222e-12;5.98284e-13;2.21198e-12;6.50986e-13;1.59303e-14;6.6407e-13;3.49494e-11;4.77322e-14;4.2623e-17;3.03744e-16;7.39004e-09;7.90559e-13;1.13035e-11;4.18411e-09;1.38642e-12;1.50768e-11;2.80168e-12;1.26368e-17;1.60161e-15;8.17247e-12;4.80104e-11;4.6735e-14;6.73297e-11;9.26474e-19;2.00699e-07;1.56478e-12;1.86142e-12;1.17649e-09;1.47138e-17;7.12395e-15;1.25612e-11;5.71517e-14;5.41572e-16;2.7138e-14;1.98316e-11;5.15887e-20;8.00713e-14;9.32835e-17;4.86332e-10;2.05371e-12;2.56386e-09;2.53291e-11;2.17889e-13;3.023e-11;1.00294e-10;6.32111e-13;3.20023e-16;9.21749e-15;5.84152e-13;3.37343e-15;5.2038e-15;5.94432e-16;6.62215e-09;2.22706e-11;4.66792e-13;9.97399e-15;7.29248e-12;4.75243e-13;4.3868e-13;2.96645e-14;4.02174e-13;3.10554e-12;9.19378e-17;1.25275e-14;8.74925e-16;3.2581e-12;3.00246e-13;7.85826e-12;2.48657e-06;3.04534e-10;1.1937e-07;2.07959e-07;6.67708e-08;9.96415e-08;0.999896;2.2901e-10;4.2654e-09;1.86514e-08;1.62012e-06;8.75209e-08;8.45089e-05;2.57832e-11;1.7084e-14;1.70822e-12;6.89874e-11;5.07314e-18;1.11082e-12;4.67023e-14;4.70685e-08;3.94594e-15;3.30809e-12;5.02881e-11;1.26047e-10;4.51485e-14
5.47431e-08;3.14561e-11;2.41154e-11;6.96767e-06;2.04934e-07;4.95389e-11;5.07218e-09;7.21882e-09;1.45747e-09;2.47453e-11;4.05923e-11;1.07146e-11;1.67275e-12;2.50232e-09;4.96435e-09;5.93714e-10;2.521e-09;4.3149e-10;3.76095e-11;9.79821e-09;1.10617e-09;1.26522e-10;3.15312e-10;1.17707e-09;5.4824e-10;5.2387e-09;1.57623e-12;6.99284e-11;1.32917e-12;8.48499e-13;9.73367e-10;8.06579e-10;3.52695e-13;0.000193969;1.66913e-15;1.84006e-10;1.6639e-10;3.85919e-11;1.39313e-09;3.71924e-14;6.31905e-10;1.79772e-10;3.8115e-11;8.71423e-10;3.08362e-12;1.54145e-12;1.92288e-08;1.02783e-08;3.97779e-11;1.03105e-10;1.51779e-13;8.02373e-12;8.2555e-08;2.4137e-13;5.43958e-15;4.32786e-10;4.58619e-11;9.93846e-11;2.63301e-10;1.20215e-08;2.16906e-10;5.55025e-09;8.76208e-08;1.82051e-11;7.72329e-11;1.64819e-11;1.28924e-10;2.37773e-10;3.31282e-06;1.37641e-07;0.000452243;0.000294604;6.99589e-06;0.998125;0.000418032;3.13372e-10;4.57107e-09;0.000153026;1.34106e-06;0.00022483;9.1542e-11;5.12521e-11;2.08189e-09;2.66733e-09;5.85952e-10;3.48932e-11;5.8602e-07;2.86757e-12;3.93128e-10;6.8654e-10;1.91074e-08;5.4383e-09;1.7882e-10;1.20747e-12;1.20901e-10;2.77558e-09;2.33169e-15;8.35172e-11;3.01674e-09;8.02193e-12;6.00244e-14;1.81287e-09;1.0027e-09;1.46303e-10;9.45822e-06;3.08496e-14;1.92588e-10;6.27287e-10;7.47278e-10;3.70119e-10;1.12977e-10;2.27965e-08;3.35406e-10;4.38393e-10;6.72043e-10;7.29219e-14;7.34824e-12;8.97463e-10;2.57968e-11;1.4887e-11;5.90245e-11;2.97664e-10;1.51308e-10;1.5357e-11;4.19053e-14;3.21003e-09;7.44274e-10;3.74598e-10;8.23773e-06;1.04765e-13;1.17678e-10;2.12758e-11;6.85883e-09;2.18997e-12;4.77654e-09;3.75956e-09;6.18876e-09;4.95205e-09;5.0259e-08;1.00099e-09;4.52597e-10;1.67077e-06;2.97756e-10;1.41385e-10;2.3951e-12;5.83734e-09;1.48946e-07;4.63354e-11;6.55898e-10;2.21582e-10;2.32467e-09;5.11321e-13;5.67164e-11;1.41968e-07;1.42956e-15;1.67246e-11;4.83155e-10;8.4797e-10;4.44735e-10;8.77064e-10;1.08214e-10;1.27373e-08;1.55499e-10;2.11137e-10;7.52251e-07;8.56451e-13;2.09214e-10;4.7464e-08;2.90786e-09;4.47602e-11;1.73161e-10;1.53698e-09;4.13917e-09;4.52191e-12;3.18877e-09;2.89213e-07;1.69619e-14;2.74987e-10;6.01765e-11;5.32958e-10;1.77497e-10;1.56831e-09;1.01105e-08;6.48611e-10;2.0852e-10;7.07404e-08;1.17987e-13;1.00687e-11;3.47238e-10;1.31386e-09;1.64177e-09;1.52263e-10;1.14457e-09;2.9408e-08;7.15282e-13;3.39551e-11;2.58345e-09;5.28067e-13;9.71209e-12;5.01575e-10;1.28161e-10;1.36682e-09;2.23666e-09;1.15364e-07;7.16483e-09;3.94581e-09;1.41067e-05;1.54201e-09;4.22432e-09;5.9777e-11;6.77276e-10;1.16295e-10;1.41736e-08;1.98694e-10;1.18804e-10;1.83834e-11;4.64841e-09;2.35506e-11;3.65883e-12;2.81106e-07;2.90366e-15;7.48866e-10;3.91651e-10;3.49933e-10;1.17568e-10;1.97076e-09;8.48613e-09;1.02149e-09;9.50898e-11;1.39944e-10;1.64765e-08;8.06345e-14;1.14097e-10;3.13298e-09;1.0461e-06;1.7958e-11;2.83108e-11;1.36406e-09;3.42067e-11;1.52038e-10;2.61734e-11;2.41497e-08;7.26557e-09;1.65792e-07;7.02059e-11;1.91971e-11;2.89349e-12;1.66478e-09;6.5828e-12;1.03301e-11;9.02846e-06;6.53837e-12;1.27222e-11;1.19151e-11;2.17627e-09;5.18581e-12;3.59916e-10;2.33259e-09;1.37623e-08;7.62708e-09;6.75935e-11;1.11032e-07;9.12846e-08;8.95743e-15;1.66128e-06;1.43552e-12;1.29194e-09;1.16449e-10;2.40504e-09;2.99777e-09;7.57268e-09;3.17865e-08;3.50525e-22;1.58267e-12;1.07262e-13;4.62072e-13;6.88979e-14;4.27114e-12;8.49296e-08;7.61078e-19;1.36483e-11;9.33191e-15;4.05405e-11;9.63999e-15;1.0868e-11;1.52552e-11;5.03546e-12;2.34635e-11;1.84067e-15;1.93408e-10;6.88453e-13;5.17899e-12;6.9589e-05;5.45906e-22;6.02605e-12;1.01419e-10;3.40316e-10;1.62916e-14;1.33412e-09;5.57737e-09;2.63613e-11;6.21294e-12;1.19404e-13;1.2609e-10;2.31134e-12;4.84512e-11;7.09869e-07;3.43449e-17;1.61414e-10;1.75126e-10;3.29657e-14;3.83879e-09;4.76945e-10;1.74599e-10;1.21558e-10;2.15005e-11;2.94367e-08;3.17968e-08;3.50353e-15;1.29016e-08;2.56707e-16;2.69042e-09;6.25769e-10;7.01554e-10;5.508e-11;8.78264e-11;1.03221e-14;8.99478e-12;2.88501e-09;3.09988e-13;1.27868e-09;5.70222e-12;1.45176e-09;1.4995e-11;3.45669e-09;1.42247e-07;2.14027e-10;1.75476e-11;4.84255e-10;1.21116e-09;5.53726e-15;1.77118e-14;3.35571e-07;5.11956e-15;2.11439e-12;4.30116e-11;1.79517e-08;2.78935e-10;1.2764e-12
4.64043e-08;1.47852e-09;2.46294e-14;5.8224e-11;6.50537e-13;1.2944e-14;1.08208e-12;5.68066e-11;1.86504e-11;9.67012e-13;2.4977e-15;1.20395e-14;8.61819e-16;5.75639e-09;4.89797e-13;9.22693e-13;1.51447e-11;9.37227e-12;6.25769e-15;1.04667e-09;6.96169e-10;4.25593e-08;3.91834e-13;1.93293e-09;1.91972e-11;6.58548e-12;1.1366e-10;2.26716e-11;4.57942e-10;1.05511e-15;3.28041e-10;1.79374e-13;1.58425e-15;9.59862e-17;3.39995e-16;4.5637e-10;1.60803e-12;3.05576e-13;2.26986e-11;1.70153e-18;1.19535e-13;2.24476e-14;3.77912e-14;9.30955e-08;1.30248e-15;1.54839e-15;1.46702e-12;8.64058e-08;2.38947e-13;4.45578e-13;1.38672e-13;4.19875e-17;1.13154e-12;1.85107e-15;2.25296e-14;8.42532e-14;1.04989e-13;1.81646e-09;9.54282e-13;7.96542e-12;4.66066e-15;8.90738e-15;2.48547e-15;1.02027e-15;1.63861e-10;2.8288e-13;7.05728e-15;3.71649e-13;3.07774e-09;5.79544e-14;1.63381e-11;3.21371e-14;2.96499e-15;2.35711e-15;1.88708e-18;1.5208e-11;2.98747e-13;3.79336e-12;3.11229e-13;2.78063e-12;5.70464e-13;9.76921e-09;2.04426e-13;2.28115e-11;1.92766e-14;5.3409e-14;5.36645e-16;9.2065e-18;7.53514e-12;1.26076e-12;8.08287e-08;9.69583e-13;1.32045e-13;2.36349e-11;4.9534e-12;1.41939e-11;1.15339e-15;1.05155e-10;9.32099e-14;2.90782e-07;1.38992e-15;2.07424e-10;1.03878e-11;5.46271e-13;3.35248e-13;6.5764e-16;3.84623e-09;1.76717e-12;1.43979e-12;1.189e-13;1.1993e-17;1.59645e-14;1.35993e-11;8.35197e-13;9.61809e-12;1.15165e-10;7.96212e-13;5.40713e-15;2.887e-16;4.1346e-14;1.33309e-12;3.47521e-12;5.79025e-15;5.63134e-09;2.31145e-16;1.5871e-10;8.42993e-17;1.77728e-13;1.20992e-14;3.32662e-18;1.95125e-09;2.22024e-12;1.79367e-12;3.35919e-12;2.00723e-15;8.49813e-13;9.7984e-08;6.39985e-13;1.5033e-09;7.98593e-13;6.34592e-16;3.44514e-14;6.53266e-14;3.28819e-11;1.98765e-12;1.89568e-13;5.37059e-13;1.75647e-13;9.99143e-10;1.14364e-13;9.9383e-11;1.06695e-13;1.26444e-14;8.70894e-14;1.80842e-16;3.57224e-11;6.88207e-12;1.26091e-12;2.27368e-15;3.4774e-09;3.38574e-13;1.20414e-11;9.5898e-09;2.49203e-13;1.3925e-13;1.83356e-17;5.56881e-12;2.75954e-13;1.46287e-12;1.5138e-13;2.69262e-09;6.08514e-12;4.95889e-10;3.22939e-12;1.59111e-13;1.75196e-12;2.40101e-16;5.7244e-14;4.54375e-13;2.23957e-13;1.20379e-08;6.77785e-14;3.01571e-10;1.94184e-12;9.94498e-13;3.99982e-14;1.34232e-15;1.81589e-11;5.9601e-13;7.59353e-14;2.18348e-12;4.82675e-10;8.92636e-12;3.67771e-11;1.49458e-14;1.01608e-13;1.5871e-14;1.33302e-17;1.17333e-13;2.80324e-14;1.30309e-13;3.41983e-09;1.50916e-12;1.25635e-10;2.46334e-12;3.90482e-13;2.48992e-12;2.04249e-15;8.35562e-10;1.33548e-12;6.64123e-13;1.85776e-14;9.26379e-12;2.16683e-12;2.03903e-09;3.8015e-13;3.92148e-12;9.03843e-13;6.46516e-15;1.68202e-16;2.36537e-18;6.24005e-10;6.55384e-13;8.70596e-13;5.50296e-13;3.42652e-08;3.98091e-11;3.27386e-11;5.85526e-11;2.39927e-11;2.84483e-10;1.41477e-14;6.47395e-10;1.2859e-13;1.22006e-10;7.73178e-16;9.12956e-15;3.71366e-16;4.12174e-18;1.86385e-11;1.88104e-14;2.1317e-10;7.43058e-13;6.83434e-14;8.57663e-12;9.09064e-09;7.82162e-13;2.1754e-10;3.01147e-16;1.20816e-13;8.88946e-14;3.62976e-14;3.34123e-10;4.98986e-13;2.18831e-11;1.33311e-13;1.5976e-15;6.46423e-11;1.78174e-11;5.20879e-08;1.00292e-13;9.06904e-11;2.91113e-11;9.08432e-17;1.83908e-14;4.16476e-17;2.1977e-09;1.68943e-13;9.92724e-13;1.3436e-10;1.01705e-12;3.00392e-13;6.89776e-21;8.13213e-11;4.80337e-15;7.59584e-12;2.11754e-16;6.48967e-20;7.31369e-18;7.9083e-20;7.12825e-10;2.77368e-15;1.3112e-13;8.41633e-16;2.0093e-14;1.90223e-16;7.25616e-13;9.33312e-10;1.35229e-16;8.93732e-11;1.51139e-11;2.86924e-16;5.1813e-18;1.9749e-18;4.1489e-10;2.52976e-13;1.49013e-12;2.87011e-14;5.90509e-13;1.17614e-13;6.80573e-13;8.1623e-11;1.24336e-14;3.19368e-10;1.37507e-11;5.34203e-15;3.52901e-13;7.05999e-24;2.83484e-10;2.87125e-12;4.17176e-12;5.00503e-15;9.12978e-15;2.00099e-09;2.41762e-06;1.14761e-09;3.21008e-08;0.999969;8.94259e-18;2.72014e-05;1.65221e-11;1.5223e-08;6.92291e-10;1.75767e-13;5.6111e-10;5.23713e-13;9.80148e-18;3.17021e-13;4.1162e-15;3.68807e-17;4.23443e-10;2.14193e-13;1.18268e-11;8.7053e-14;4.20058e-13;8.13068e-14;1.458e-11;2.218e-13;9.96259e-09;9.44265e-13;3.27214e-11;1.4895e-17;1.34725e-11;2.98498e-15;4.74069e-08;7.02699e-14;9.38453e-11;1.30422e-10;8.89448e-18
2.29625e-10;9.90399e-12;1.47468e-11;3.03385e-11;2.9732e-12;1.41563e-12;9.0244e-12;3.38078e-12;1.33096e-11;1.06352e-12;1.40629e-14;4.10907e-11;1.39489e-14;2.0154e-13;5.65706e-14;3.52924e-14;1.29998e-12;3.90006e-14;7.49025e-14;3.89081e-11;1.11399e-12;1.03585e-13;2.53513e-14;8.15413e-13;1.53112e-12;3.14107e-13;8.52728e-14;0.999992;1.09122e-14;7.5189e-14;6.20333e-10;1.53689e-15;6.17944e-16;1.06758e-14;2.82241e-16;8.07901e-15;6.10416e-14;7.66815e-15;1.26132e-14;1.08655e-15;3.46667e-15;5.87244e-10;4.21649e-14;7.78926e-06;9.88345e-13;1.84119e-13;2.4465e-10;2.13806e-13;8.00239e-13;5.96777e-12;3.67844e-16;3.07088e-14;2.18957e-13;2.05057e-14;2.15824e-14;3.43907e-14;2.51982e-14;1.6367e-12;1.38963e-13;1.32809e-11;9.29097e-16;1.6597e-10;1.00295e-13;1.93386e-13;1.78575e-13;2.30394e-14;3.34324e-14;5.81958e-14;2.22244e-13;5.02086e-13;3.29379e-12;6.19037e-14;7.60843e-14;1.81232e-14;1.20899e-17;2.29936e-14;3.52664e-13;1.98797e-15;1.4939e-13;3.06032e-13;3.07127e-13;3.38305e-14;6.21515e-14;2.10269e-12;1.4892e-13;3.05034e-13;8.42019e-14;2.61421e-16;2.88889e-13;3.79972e-14;1.24313e-13;9.07252e-14;2.88659e-14;2.36446e-11;1.15446e-16;1.06166e-12;5.56573e-17;8.61848e-14;1.16745e-14;5.61014e-11;2.99566e-12;7.96241e-10;1.01212e-12;3.72736e-13;6.80031e-11;8.82721e-13;8.0805e-14;5.48622e-14;2.6175e-13;6.33583e-16;3.10852e-16;2.42303e-14;2.25688e-14;1.35163e-13;1.15781e-10;5.55783e-14;4.31719e-13;3.99636e-12;1.77705e-13;1.59567e-15;2.53144e-14;2.79831e-14;2.88082e-14;5.52632e-13;9.43893e-13;8.04867e-10;1.54141e-12;5.22527e-12;8.74715e-15;3.45541e-15;5.94681e-14;1.63668e-11;1.76738e-12;2.09409e-13;6.46446e-15;9.84141e-14;5.4113e-14;1.09432e-13;7.65019e-12;8.3206e-14;5.365e-15;5.70964e-15;6.24693e-16;5.19684e-14;2.52791e-15;2.29851e-14;2.11018e-15;5.93525e-14;3.28059e-15;8.21459e-14;5.6557e-11;4.96413e-13;1.26677e-12;3.33584e-14;2.13769e-14;7.47381e-14;5.18241e-14;9.64335e-14;3.33761e-16;1.93298e-13;2.18454e-13;1.19706e-12;6.62977e-12;1.05699e-13;3.41082e-13;1.39298e-16;5.2866e-14;2.1695e-14;5.44558e-16;2.57731e-13;1.78515e-13;3.09338e-12;6.647e-12;1.43225e-12;1.66923e-12;2.30252e-13;1.22313e-14;1.30816e-15;1.0482e-13;6.89929e-15;1.02504e-13;5.89288e-13;7.4384e-11;4.81585e-14;1.27786e-13;2.68406e-13;1.01987e-14;1.15048e-14;1.60865e-14;1.35602e-14;2.15607e-14;9.84022e-14;1.18882e-13;3.02052e-11;1.4156e-15;3.67356e-12;2.85005e-14;4.07393e-15;2.47123e-13;6.19911e-14;1.92721e-13;5.35203e-14;2.36937e-12;1.32116e-12;4.86589e-14;6.06549e-14;1.57429e-13;1.93318e-15;1.72879e-14;1.68666e-13;1.36355e-15;2.61867e-14;3.02585e-14;2.9208e-14;1.28328e-14;3.72165e-13;1.15263e-12;3.74509e-16;1.10431e-12;6.62386e-14;7.91387e-16;1.64582e-13;7.04051e-15;8.99631e-14;2.91695e-13;1.68558e-13;6.53619e-12;3.85231e-12;4.05427e-14;3.31682e-11;6.81645e-12;5.92671e-14;2.05292e-14;2.51351e-14;5.017e-12;1.45011e-11;5.10273e-15;1.92501e-13;4.01058e-15;2.80298e-14;4.89804e-14;3.76641e-13;1.62185e-12;1.35051e-15;1.66842e-13;6.96119e-14;8.21115e-14;2.96174e-11;5.90595e-15;2.87852e-13;8.38367e-17;1.79592e-17;9.24267e-15;5.24446e-14;1.0193e-12;2.03851e-15;8.63189e-15;3.00495e-14;4.59791e-13;6.02494e-15;2.16239e-13;4.61267e-12;8.87499e-10;6.68275e-14;2.78316e-13;4.04233e-16;2.8345e-13;4.99346e-14;1.2327e-12;3.11218e-14;1.3028e-13;5.66981e-15;2.10196e-18;2.04798e-13;1.63701e-13;8.40937e-10;3.72223e-14;3.25509e-16;1.26144e-13;4.70627e-14;2.47532e-12;1.94637e-13;2.14535e-13;6.34601e-19;2.31937e-14;3.95298e-15;1.57147e-14;5.84999e-17;1.00801e-13;4.74672e-12;1.48704e-16;2.46139e-16;2.16043e-16;3.97545e-10;2.65657e-14;2.30877e-14;1.41738e-14;6.607e-15;1.08376e-14;1.90939e-14;6.69647e-13;1.22942e-15;5.41732e-14;4.20346e-10;4.14109e-17;1.67681e-12;2.72317e-12;1.14815e-18;2.63564e-14;2.61035e-13;1.89085e-13;5.53739e-16;1.38826e-13;2.00838e-13;4.4695e-15;2.2561e-13;1.75514e-12;9.65947e-17;2.55103e-16;6.23436e-09;4.53228e-16;9.14341e-16;2.21127e-15;3.67863e-15;3.95461e-11;1.31259e-10;6.68964e-09;4.0527e-13;1.95597e-13;2.41572e-16;1.05882e-13;3.4846e-12;3.41514e-12;5.37147e-12;8.07243e-13;7.21654e-13;3.86547e-11;3.19587e-14;6.07905e-14;8.01777e-14;1.26655e-15;1.99112e-11;4.59747e-13;2.79685e-17;4.7587e-13;1.17447e-13;3.34012e-12;3.10879e-13;1.8384e-16
1.21544e-12;2.93207e-14;1.95416e-14;1.57127e-12;3.1997e-11;4.2261e-14;2.12118e-12;8.33248e-11;1.63496e-14;1.82014e-14;6.34029e-15;8.98344e-15;2.19875e-13;1.05358e-14;3.73474e-14;2.1821e-14;4.06899e-14;3.48516e-15;9.58229e-13;3.70762e-13;1.03751e-14;1.14792e-16;1.32555e-14;3.11631e-12;1.11262e-15;1.72914e-12;4.40275e-12;3.83977e-12;1.41569e-16;3.12454e-14;6.84431e-13;2.72773e-13;4.64683e-19;5.91416e-12;1.35834e-18;1.22693e-15;5.53622e-15;5.53016e-15;2.90912e-15;1.82087e-15;1.9762e-15;2.2432e-12;2.55094e-15;3.11934e-09;1.06257e-15;3.7704e-17;4.07565e-13;3.64714e-15;1.12607e-12;1.49871e-11;2.35048e-13;1.31979e-20;6.04595e-13;3.55095e-16;5.70643e-16;1.53593e-14;1.42132e-14;5.96058e-14;6.70621e-15;7.38012e-13;1.73817e-16;4.08331e-13;2.88394e-12;8.62337e-14;3.59819e-15;1.33092e-12;7.17908e-15;1.69266e-15;7.20466e-16;1.6345e-13;1.15118e-13;1.52929e-14;1.68116e-16;1.05827e-16;2.16769e-16;2.69685e-16;3.56214e-15;1.36357e-15;1.3072e-16;2.45209e-15;1.97585e-14;1.95647e-16;8.94649e-15;9.1477e-14;2.7979e-11;3.55027e-16;2.54555e-13;1.64052e-13;1.49568e-14;1.1922e-15;2.85768e-15;2.71791e-14;2.10119e-15;1.63666e-13;7.55223e-16;5.1985e-12;2.17367e-13;9.286e-15;6.28796e-15;3.22839e-18;1.06429e-14;2.00327e-12;2.8767e-14;5.22255e-18;8.47347e-14;4.77378e-16;1.36219e-16;5.31027e-15;3.34355e-14;8.95012e-14;1.33042e-15;3.94492e-15;4.42709e-16;3.81457e-15;5.97441e-14;5.33461e-16;8.53453e-17;1.91128e-13;3.15454e-13;1.66408e-16;6.56069e-16;6.41227e-16;1.57543e-12;3.30741e-16;4.75521e-15;1.26522e-12;5.74408e-13;2.03657e-18;5.63464e-16;2.41255e-16;5.51517e-16;6.19299e-14;1.80012e-13;3.99725e-13;8.42328e-17;1.99356e-14;5.1386e-16;2.35143e-15;4.429e-13;3.61318e-14;2.6743e-16;4.65999e-15;1.69904e-16;4.42177e-16;2.04395e-14;1.72753e-15;1.63747e-14;7.63222e-15;1.97889e-15;1.05793e-13;1.40136e-12;2.634e-15;1.49356e-14;1.66403e-14;2.51828e-13;8.87043e-16;1.24785e-16;7.62343e-14;8.72009e-15;3.93731e-15;1.50996e-14;1.78684e-14;1.80706e-14;6.64908e-16;2.30941e-12;2.83405e-14;2.43017e-16;7.98156e-14;1.22215e-15;1.07827e-15;4.22414e-16;1.8674e-13;2.47974e-14;4.39412e-14;2.50032e-15;2.10193e-13;4.86544e-15;1.22173e-14;2.22235e-15;3.0398e-15;1.10999e-16;1.33722e-14;6.01542e-13;6.62583e-18;3.72883e-17;9.83076e-14;2.08783e-16;1.09546e-14;3.45801e-16;3.32842e-15;1.17772e-13;5.62683e-16;6.05506e-15;5.60431e-13;5.28362e-16;1.44348e-15;1.31402e-15;6.86392e-15;1.33558e-14;2.78587e-15;6.95005e-14;3.39953e-16;2.46828e-14;1.01194e-13;6.00826e-15;1.48914e-16;6.93786e-14;2.52772e-15;4.87799e-16;5.58752e-15;2.37945e-16;1.91508e-14;3.25275e-16;1.95649e-14;5.68315e-16;1.30086e-14;6.38918e-14;7.57616e-16;7.78692e-16;5.63972e-15;2.85706e-14;3.92623e-16;1.73382e-15;1.35133e-15;7.86586e-15;3.32485e-15;9.29572e-13;4.73426e-13;1.38387e-12;6.80091e-14;7.19532e-14;1.08849e-11;2.20095e-16;3.60824e-14;1.07558e-12;1.14128e-12;4.65255e-14;1.28333e-14;1.14155e-13;3.98787e-15;4.66161e-15;1.52604e-12;1.32403e-14;5.59788e-13;8.22138e-16;2.50676e-17;9.7101e-16;1.38813e-12;9.15085e-12;3.01476e-16;1.38939e-13;7.69806e-15;6.79549e-17;1.47641e-14;2.13428e-14;2.64187e-15;1.76174e-15;4.50216e-14;3.1302e-15;3.26276e-17;3.23685e-15;3.26971e-14;2.08052e-13;5.33731e-18;5.50468e-14;2.45878e-16;3.86371e-16;4.66066e-15;4.5007e-15;1.31659e-14;4.17156e-16;1.6771e-15;1.63926e-16;4.63351e-18;7.61827e-17;9.93695e-13;9.50554e-16;3.55081e-21;4.63653e-15;8.46598e-17;6.61759e-16;1.20996e-15;1.86463e-14;2.72444e-16;1.9302e-17;4.29566e-17;9.01617e-16;3.60328e-19;7.75511e-15;9.22834e-13;2.04879e-16;2.58175e-13;9.13301e-17;3.30997e-14;1.53515e-16;3.14966e-15;1.09001e-14;4.41884e-16;5.84316e-17;2.30522e-15;2.37551e-15;1.29352e-16;1.82143e-16;2.03087e-12;2.9613e-15;7.71635e-17;1.33773e-12;8.47956e-17;3.36011e-16;6.1638e-15;2.95303e-18;4.03884e-18;2.02854e-17;1.04008e-15;1.4411e-16;1.86807e-15;9.07682e-14;2.74333e-17;7.40833e-16;8.46739e-15;6.49024e-17;4.43664e-16;2.5066e-16;2.61353e-12;1.92206e-11;1.23635e-10;1;1.11275e-08;7.71414e-09;3.20202e-10;2.65539e-14;2.18393e-11;2.89301e-12;2.18594e-11;1.11098e-11;4.03872e-10;6.63073e-14;5.45086e-20;2.01299e-16;4.65624e-15;4.61959e-12;5.27947e-15;1.00474e-14;3.41621e-13;2.36779e-16;5.98612e-15;8.37142e-14;3.67638e-15;7.36478e-17
1.78075e-09;1.11659e-13;2.38199e-13;2.94983e-12;9.26921e-14;2.10079e-13;2.21077e-13;1.89599e-10;3.85782e-13;3.64198e-13;3.54453e-12;6.70062e-15;1.20062e-11;1.09447e-14;2.54305e-12;2.88632e-12;9.2684e-14;1.49118e-13;9.264e-12;5.77429e-12;2.26646e-13;2.12537e-15;1.18683e-12;3.1442e-11;6.05871e-15;2.00879e-13;2.5006e-11;2.88821e-12;9.83494e-17;3.32823e-14;1.36889e-13;5.65021e-12;1.76796e-16;1.55156e-17;2.86532e-16;2.42704e-14;1.24722e-12;2.02988e-12;4.42787e-16;9.89047e-16;8.95688e-14;8.96958e-12;8.86881e-15;3.40799e-10;8.81423e-14;1.11641e-14;1.74106e-13;2.02229e-08;1.30095e-08;4.70697e-07;0.999988;1.60657e-08;1.09857e-05;1.40569e-08;4.71311e-11;8.03217e-09;1.9817e-09;1.5366e-14;1.75048e-13;7.67207e-13;9.84091e-14;2.10394e-12;5.59998e-12;2.39157e-12;5.82102e-14;3.50522e-12;3.33375e-13;2.75352e-14;1.0565e-14;1.24157e-11;3.49871e-12;1.29045e-10;3.81422e-15;5.10807e-13;1.36785e-14;1.22757e-13;6.49882e-13;2.52946e-13;1.86345e-14;7.18926e-12;4.3903e-13;6.14873e-16;2.64335e-13;3.1207e-12;1.2259e-16;1.68313e-14;3.74999e-15;1.59139e-13;1.37478e-12;5.00786e-13;5.14902e-14;9.25358e-13;5.491e-13;3.20728e-13;1.74e-13;2.428e-12;4.80808e-13;4.60774e-12;3.35625e-13;5.43493e-16;1.80683e-14;6.98958e-12;5.45435e-14;4.68059e-13;3.23565e-14;1.73195e-16;1.79223e-13;3.26766e-13;2.72731e-12;5.54823e-11;1.04455e-12;4.70521e-12;5.52172e-15;1.62018e-13;3.87456e-12;1.07547e-11;8.23083e-15;6.09066e-12;2.37511e-13;2.37076e-14;3.98578e-14;4.42389e-13;9.26691e-12;3.27747e-16;3.55422e-14;7.73407e-12;1.61242e-12;2.37129e-18;9.54375e-15;3.7406e-15;6.48392e-14;1.64476e-11;8.52926e-12;2.99692e-14;1.0341e-13;1.3577e-14;6.28401e-14;3.98367e-13;3.11083e-12;1.39063e-12;3.55649e-12;8.97955e-12;2.5398e-12;5.79766e-14;9.04863e-13;1.73876e-13;2.97902e-12;2.31868e-12;6.6636e-14;2.44341e-12;4.43188e-11;5.25436e-13;2.84562e-14;3.5912e-11;8.44388e-13;4.80588e-14;1.04577e-15;2.19359e-12;1.58356e-13;1.99487e-13;3.10576e-13;2.61408e-12;6.51743e-11;3.70403e-15;5.9619e-11;3.98989e-12;8.96926e-14;9.28461e-14;1.41675e-14;3.68047e-13;3.29193e-14;3.30371e-12;3.62044e-12;2.3399e-11;2.20447e-13;4.37893e-12;9.55743e-15;2.93018e-13;4.77709e-15;6.39099e-12;1.92688e-13;1.2025e-12;1.42944e-10;1.53571e-13;1.54862e-13;4.73716e-12;1.10372e-13;1.07739e-12;4.59846e-14;2.94569e-13;1.17253e-11;5.83709e-14;7.5658e-12;1.16074e-10;1.15072e-14;6.89586e-14;3.947e-15;4.70033e-13;7.11995e-15;1.69552e-14;4.02244e-12;2.28149e-13;8.80126e-12;2.19593e-11;4.51374e-12;5.7168e-13;1.00783e-10;1.25174e-11;3.61706e-13;1.76505e-12;1.52045e-14;2.91114e-12;4.41779e-13;3.36471e-12;5.9176e-15;1.00082e-12;1.39288e-12;3.33731e-16;3.12856e-15;9.89037e-14;7.30697e-13;1.603e-14;1.02457e-13;2.90692e-14;3.73203e-12;1.732e-14;1.93786e-12;3.10224e-13;1.2556e-12;5.79387e-15;1.85059e-14;7.92142e-13;1.09137e-16;5.43456e-13;2.41883e-13;2.9084e-15;6.64075e-15;5.24897e-16;7.62407e-14;2.07977e-14;1.33312e-13;9.6081e-13;3.34033e-13;1.08895e-11;5.71781e-14;5.50642e-16;5.92248e-14;3.02074e-13;2.67024e-15;8.20064e-17;5.6502e-13;1.74163e-14;1.40241e-13;2.54344e-13;1.76184e-12;4.78614e-13;1.55889e-13;4.66158e-12;1.81938e-13;5.47318e-15;9.44739e-14;2.91091e-12;4.08636e-15;3.33075e-13;7.56206e-14;6.39956e-15;4.35057e-14;2.36132e-13;3.29508e-12;1.04013e-13;2.62079e-13;1.68485e-12;8.00296e-15;2.48696e-18;2.46271e-16;3.32477e-14;5.46089e-16;1.16951e-21;3.24713e-16;2.70499e-18;2.08331e-14;1.47197e-13;2.37247e-13;1.12858e-16;2.20618e-14;2.52785e-12;2.77579e-13;3.93232e-17;4.06349e-14;2.95977e-12;2.68846e-14;1.27791e-13;2.55733e-17;2.13567e-14;6.54589e-15;6.04154e-14;1.82782e-12;5.03474e-16;2.06405e-15;1.92101e-14;1.00571e-14;6.71237e-15;8.93881e-14;1.1258e-13;4.82362e-12;3.44873e-15;1.40697e-14;3.34752e-15;9.45645e-15;1.87368e-14;1.32558e-19;3.15684e-16;8.0065e-16;1.00792e-12;3.26694e-14;9.88023e-14;3.62077e-13;8.04449e-14;8.19978e-14;1.07048e-12;5.29999e-13;1.87509e-11;5.66614e-13;3.00987e-20;2.09232e-14;6.04113e-13;3.81767e-13;1.86034e-14;8.0396e-14;1.77386e-12;1.88322e-16;5.88191e-14;1.44247e-13;1.03997e-14;3.57759e-14;8.91902e-14;2.35731e-14;1.79872e-17;4.61337e-14;1.43968e-13;2.07004e-11;3.29366e-13;9.4739e-14;5.37441e-12;9.76783e-16;1.6245e-14;6.29991e-13;2.56646e-14;2.2206e-15
1.10145e-07;4.13647e-13;9.43909e-11;9.4081e-11;3.14736e-11;4.5897e-14;2.72173e-15;3.93974e-10;5.60556e-12;4.16289e-12;1.98311e-16;2.38663e-12;7.78757e-07;3.18772e-13;1.58265e-10;6.17059e-09;5.28912e-11;4.01267e-12;4.18577e-07;1.74848e-10;3.15531e-13;1.05704e-12;1.31658e-11;6.24701e-08;1.28548e-12;4.2353e-12;4.74416e-07;1.05466e-12;1.17691e-14;1.93475e-13;1.66809e-13;1.45438e-10;3.58721e-18;5.27451e-13;2.22134e-07;4.46498e-13;1.19281e-11;1.56354e-11;2.52223e-10;5.7873e-16;9.50069e-11;4.04388e-11;1.50693e-15;1.19264e-12;6.61101e-12;9.44519e-15;4.82265e-14;6.58176e-11;3.91562e-11;8.09839e-11;3.93759e-07;3.53286e-16;5.1639e-13;6.46599e-10;2.41547e-09;2.5744e-10;9.77586e-10;1.36608e-13;1.27638e-12;8.36335e-13;4.0632e-15;1.75967e-14;9.71921e-13;8.12276e-09;5.77437e-13;2.10479e-10;1.31665e-13;6.41177e-13;5.37462e-15;2.31109e-13;8.87855e-13;1.46575e-13;2.36002e-19;7.17918e-14;1.47852e-07;7.53963e-13;2.7073e-12;3.9867e-11;9.6702e-13;2.93946e-13;3.46908e-12;8.70447e-14;3.58099e-12;4.92691e-14;3.59009e-12;2.87183e-14;3.05146e-12;2.34537e-07;2.44636e-11;2.42752e-11;2.43583e-11;2.01502e-10;3.6291e-11;2.14933e-11;1.11171e-14;2.95088e-10;2.90352e-05;1.04151e-10;2.89505e-10;7.1641e-15;1.3322e-14;3.44674e-11;2.45328e-09;6.67082e-14;2.25461e-13;4.93804e-05;7.24785e-14;8.93065e-11;2.21178e-11;2.95456e-08;1.44738e-14;3.65443e-10;8.01079e-14;5.56844e-12;1.78794e-11;3.44414e-10;2.34872e-15;1.64134e-13;3.84351e-08;3.50415e-11;5.74477e-14;6.30293e-13;9.71526e-09;6.30508e-14;2.4592e-14;8.97738e-13;2.4329e-12;5.47944e-18;5.70524e-14;5.3096e-09;5.19653e-13;1.69769e-12;5.41017e-12;4.02527e-11;4.79755e-18;2.14781e-11;3.25629e-13;7.45633e-12;4.63394e-11;8.17255e-11;1.52976e-13;4.0732e-11;2.56176e-09;1.34305e-12;6.7406e-11;3.38864e-12;1.7204e-10;2.03874e-09;1.88419e-13;4.16834e-12;2.61712e-11;4.20439e-13;1.12107e-14;2.12003e-10;2.02675e-06;5.04511e-13;5.45126e-13;8.05961e-13;1.09364e-10;8.72791e-10;9.06304e-11;1.07265e-08;2.61262e-05;2.81111e-08;1.1161e-05;0.999873;1.13812e-08;1.12357e-09;1.98792e-08;2.13788e-11;5.02597e-13;4.46551e-11;1.10121e-10;1.48605e-10;1.08667e-10;1.22575e-09;2.93862e-08;2.64555e-12;1.07373e-12;9.95329e-12;1.66397e-12;7.73569e-11;8.89734e-11;3.6316e-09;3.15665e-12;3.39812e-09;7.77484e-07;8.67829e-09;1.0789e-11;4.88295e-11;1.96294e-09;2.28906e-13;2.58056e-11;6.8217e-11;1.54865e-11;1.33401e-13;5.80758e-09;2.1268e-06;3.03096e-11;5.79123e-12;4.5882e-10;2.02401e-11;7.57044e-10;2.19127e-10;1.11495e-10;1.66842e-10;2.82843e-09;1.40067e-06;2.9351e-12;1.24829e-11;2.44907e-13;1.11564e-12;1.1151e-12;7.34116e-10;1.73167e-13;1.59985e-11;8.87068e-12;5.52234e-15;8.79266e-15;3.95694e-12;6.06052e-08;2.35746e-12;9.24547e-12;1.01117e-12;4.89539e-11;1.45002e-12;9.7478e-11;7.26795e-12;2.01133e-12;2.57556e-13;2.29495e-12;2.23081e-07;2.00747e-14;3.92107e-13;3.96834e-14;7.05083e-12;7.56274e-17;2.83253e-14;3.12801e-08;6.41293e-13;5.74332e-12;4.81382e-10;1.29055e-12;1.94615e-10;1.15169e-12;9.05733e-15;1.00094e-12;3.28858e-12;9.99178e-14;5.69505e-16;1.71559e-10;2.54914e-07;1.84492e-13;1.96847e-12;5.29072e-13;3.68186e-11;1.384e-15;2.82721e-11;3.74352e-12;7.2048e-14;1.02785e-13;2.65162e-11;1.23791e-15;1.48171e-12;1.31815e-11;6.41366e-07;2.35018e-12;1.46787e-11;1.78942e-11;9.56854e-13;3.94615e-12;7.19372e-11;3.41345e-11;2.06122e-14;1.43692e-12;1.20753e-12;1.58112e-16;5.22977e-17;3.90345e-13;3.66686e-08;2.37386e-12;1.362e-12;3.47879e-10;5.55816e-16;3.05849e-15;5.46606e-14;2.0031e-12;8.44876e-15;2.99218e-15;2.64479e-13;2.92322e-15;2.44952e-12;3.9383e-15;2.66201e-10;6.47332e-13;6.27663e-12;4.18832e-11;3.71379e-11;1.40324e-11;1.06285e-10;2.78533e-13;1.66513e-15;5.27282e-13;1.71843e-11;5.62486e-11;1.1487e-14;2.80992e-11;1.13384e-07;4.5678e-12;9.7102e-13;6.34678e-16;3.97338e-13;4.95222e-16;2.20169e-11;8.89475e-14;3.91011e-13;9.36653e-13;1.39289e-11;3.22626e-19;1.5971e-09;1.24329e-07;3.36786e-12;2.16839e-11;5.87739e-14;1.26479e-14;2.32985e-12;6.18656e-13;8.27088e-14;1.98845e-12;3.48287e-09;7.83446e-14;2.01634e-12;2.53123e-11;6.76646e-11;1.72836e-11;3.12679e-12;5.38135e-12;1.06061e-13;4.72749e-12;1.37926e-10;4.17917e-09;3.44758e-13;1.65895e-11;5.304e-08;9.55761e-14;8.67535e-12;3.78143e-11;1.61544e-11;2.79213e-13
7.41359e-10;1.75482e-15;4.02122e-13;2.46472e-12;9.93969e-12;3.50481e-13;4.99917e-15;1.63077e-12;7.54841e-12;1.49306e-12;1.96577e-14;1.31259e-11;4.38735e-09;1.71191e-12;2.11111e-11;2.92406e-12;2.69857e-12;2.73351e-12;7.62205e-11;4.07549e-12;3.32041e-13;2.17334e-13;6.88561e-12;6.2453e-10;4.13934e-13;7.91576e-13;9.36375e-12;1.26784e-14;1.39204e-17;3.72856e-17;4.42537e-16;4.25076e-18;2.86073e-15;4.97178e-18;5.40199e-13;4.10195e-14;2.01249e-12;1.15565e-12;2.82928e-12;6.36665e-13;1.21085e-12;1.24609e-14;8.83937e-14;7.47383e-13;1.12235e-13;7.29013e-13;1.36186e-13;3.71783e-09;1.96481e-09;2.23249e-09;0.999032;7.62419e-06;1.0786e-07;5.18085e-06;0.00094798;2.05123e-07;5.21393e-07;1.86893e-13;6.85531e-13;5.22045e-11;9.85477e-12;1.80515e-14;1.28872e-12;2.2167e-12;3.68027e-13;2.11364e-10;4.2976e-12;1.3269e-13;1.72949e-15;1.35853e-13;3.79448e-12;1.29534e-11;5.87105e-14;2.25596e-14;4.59538e-12;3.21186e-13;7.94906e-13;6.08075e-11;3.46886e-13;7.49497e-11;1.81323e-12;2.04126e-14;1.23936e-11;1.19876e-12;5.69699e-13;1.63024e-13;6.85752e-15;2.81669e-10;2.03873e-10;5.4508e-12;1.77176e-12;7.75309e-12;1.07737e-11;1.06053e-15;7.55018e-14;2.52709e-11;2.11175e-12;5.13085e-12;7.05279e-11;1.37389e-16;2.5985e-14;7.43437e-14;1.61803e-10;2.33189e-16;4.53775e-15;1.61335e-11;3.54596e-14;3.665e-11;5.3621e-12;6.1165e-06;2.7048e-09;5.3903e-09;4.96961e-12;1.71004e-12;1.1096e-12;2.67847e-13;8.6951e-16;5.3504e-15;3.7653e-11;1.56093e-09;6.06931e-13;2.15774e-09;8.89358e-11;1.6242e-17;5.53705e-14;2.19332e-14;6.35863e-18;1.05653e-16;2.37014e-12;1.24161e-13;8.78989e-13;3.16253e-11;4.56225e-11;2.598e-13;7.7269e-12;1.96107e-11;2.43443e-12;7.23928e-12;6.92524e-10;9.05083e-08;4.15231e-11;6.73236e-11;6.21844e-12;1.03814e-11;4.23132e-12;7.11092e-10;1.10377e-10;2.92334e-11;2.0714e-12;5.84832e-14;5.04512e-12;1.70452e-14;8.37511e-17;3.4651e-11;2.13145e-11;8.42587e-14;3.39066e-11;5.83613e-12;4.2827e-11;2.1918e-13;3.84037e-13;2.68007e-11;5.03744e-12;9.79411e-14;1.41475e-13;3.05495e-10;7.31294e-13;3.12041e-10;6.0551e-11;8.07043e-13;2.95096e-13;7.44074e-13;8.74365e-13;8.13345e-15;5.01409e-13;7.183e-12;9.15708e-14;4.8798e-13;8.85374e-11;3.49299e-11;2.61467e-14;1.25549e-12;2.3776e-13;2.31372e-11;4.01684e-15;4.94446e-12;5.81656e-11;9.54986e-12;8.948e-11;5.74712e-12;1.99282e-11;1.30099e-13;7.29671e-12;9.30229e-12;9.25591e-12;5.9269e-12;7.65152e-13;4.99712e-08;1.49358e-09;4.20386e-11;1.55785e-10;5.44411e-13;6.60754e-12;5.92583e-11;2.5608e-13;2.83917e-13;8.89963e-11;9.26855e-11;2.4874e-12;1.82932e-12;3.26375e-12;7.3373e-13;1.22062e-11;5.16436e-13;1.70193e-14;5.38475e-13;2.2042e-12;1.30554e-13;9.6985e-13;3.96015e-15;1.09779e-13;2.35967e-13;1.29393e-11;1.03981e-11;2.7896e-11;8.75191e-14;7.08602e-12;1.14644e-12;1.51093e-12;3.78505e-16;6.87506e-14;7.46117e-12;2.60861e-16;4.08022e-13;1.655e-12;4.90966e-13;1.01558e-15;3.57257e-17;1.18784e-11;2.41118e-13;7.90412e-13;2.34843e-11;5.75391e-13;2.25341e-12;2.57863e-12;9.57798e-15;5.87959e-13;1.50986e-12;7.81434e-11;2.72757e-15;4.17113e-12;4.25249e-11;5.99661e-12;3.12039e-12;5.47593e-11;4.97297e-09;3.8441e-12;2.57208e-09;2.90542e-12;4.74477e-14;5.03479e-14;1.24831e-11;3.69496e-15;1.17668e-12;1.40654e-16;2.84872e-12;3.74859e-13;2.37239e-12;1.64319e-11;3.57568e-13;1.43086e-11;7.65847e-13;2.86792e-22;1.13816e-18;2.20709e-16;3.66966e-14;1.92465e-22;9.60753e-16;8.65605e-19;3.96479e-16;3.95029e-13;1.07097e-11;7.38696e-12;2.29122e-13;3.77429e-11;2.43391e-13;2.32731e-12;1.17764e-16;1.21363e-15;3.61094e-12;7.0965e-15;1.80975e-17;1.37016e-17;1.82798e-12;4.01917e-13;1.0864e-11;2.83468e-12;4.76887e-15;8.29779e-13;3.16045e-11;1.00493e-13;1.62322e-16;5.06663e-17;4.53293e-14;4.63492e-13;5.7924e-15;1.99232e-16;5.02151e-17;6.5605e-14;6.35417e-13;1.06355e-07;2.50494e-11;1.26622e-14;3.66968e-12;1.44421e-12;4.87028e-13;2.04752e-11;1.60702e-12;3.13006e-14;4.92762e-15;2.59614e-14;6.37053e-13;1.03697e-10;5.40028e-16;1.41453e-15;2.73105e-12;5.14108e-15;9.92372e-12;1.41937e-15;2.41973e-12;5.87341e-16;1.4063e-13;2.10309e-12;9.75652e-12;1.04885e-12;1.66448e-11;1.43712e-13;9.97664e-18;6.16421e-15;9.29023e-13;7.45518e-13;2.96067e-17;1.22861e-12;1.78434e-13;3.15578e-16;4.00864e-14;3.11638e-11;8.22587e-12;1.19611e-14
1.07086e-08;1.95608e-12;1.02992e-12;8.96645e-11;2.00655e-11;1.70569e-11;5.57405e-13;1.11388e-10;8.4342e-11;1.49559e-11;2.36038e-13;1.33601e-13;1.43225e-09;3.25506e-11;2.90232e-11;1.65462e-10;2.30405e-08;2.69529e-11;3.38838e-11;2.36632e-09;1.37925e-09;3.0055e-10;1.68888e-11;2.28279e-10;4.45717e-09;7.09616e-07;4.88154e-11;9.8523e-10;5.97106e-13;1.82565e-12;9.53722e-10;2.91192e-12;3.90053e-10;2.16201e-08;2.71815e-11;1.03414e-10;1.70414e-11;4.58174e-12;1.83143e-11;1.52158e-13;6.20692e-10;1.52919e-09;1.26823e-12;2.83228e-11;1.09057e-10;5.11988e-11;2.49275e-11;2.07139e-11;9.03497e-14;1.16945e-12;8.56842e-15;1.17377e-14;1.15048e-05;3.90497e-08;1.23734e-13;3.29385e-12;1.97631e-10;1.75273e-11;7.5376e-12;7.48262e-11;3.11809e-11;6.28683e-11;8.57674e-09;2.04563e-11;7.51728e-12;3.78168e-12;8.26662e-12;2.09062e-10;3.58846e-12;8.18426e-13;5.42494e-10;2.39206e-13;1.67913e-12;8.91643e-06;2.06293e-13;2.10118e-11;4.46957e-11;5.61076e-10;7.11887e-11;4.06881e-08;1.16363e-11;1.93872e-10;1.28737e-11;1.56905e-12;6.58237e-12;2.42847e-08;6.40468e-08;3.0328e-14;1.55662e-10;1.37626e-10;6.65078e-11;1.72987e-10;3.98434e-11;1.03786e-11;5.76401e-12;2.38242e-07;1.37118e-13;1.82635e-12;5.98077e-11;5.70885e-12;3.39969e-14;3.66441e-11;3.27784e-09;2.26842e-11;4.32386e-08;1.81057e-08;3.6325e-12;2.19371e-11;3.07123e-12;2.20369e-11;1.12087e-10;6.84971e-08;1.28012e-11;1.13987e-10;7.14072e-11;2.26815e-12;9.35428e-12;0.000203391;1.72621e-11;4.58598e-12;7.21969e-12;1.5089e-12;7.49627e-11;9.9497e-13;6.20916e-16;1.2618e-10;4.67727e-11;1.56103e-08;7.75203e-09;7.11315e-10;4.52801e-13;1.39698e-11;7.48229e-12;3.00228e-13;9.18838e-14;4.64547e-10;8.52346e-11;5.93313e-11;3.49446e-11;5.99802e-13;2.1132e-10;1.7385e-06;1.64846e-10;1.87553e-11;2.93392e-12;1.95899e-10;4.12156e-09;9.67191e-12;1.47492e-13;3.66523e-13;2.17356e-12;2.63745e-15;7.94324e-14;3.55119e-08;1.53303e-14;1.71007e-12;2.22257e-13;2.20053e-13;6.93022e-12;2.27308e-11;2.48807e-11;2.74877e-10;3.13761e-11;8.47891e-10;1.29685e-07;4.93863e-12;9.7714e-12;1.9282e-10;3.06473e-11;4.10922e-10;2.76023e-11;1.64547e-11;2.72452e-11;2.85281e-14;2.33746e-09;2.25586e-07;3.75956e-13;6.58014e-15;2.5616e-11;1.22842e-11;5.66079e-13;7.42974e-12;1.25956e-11;1.60901e-10;8.1215e-12;3.65001e-07;8.91417e-13;1.75178e-11;9.19314e-12;8.8061e-12;2.37731e-11;1.34637e-12;2.49912e-12;3.62072e-11;1.12726e-12;4.54243e-12;7.75654e-08;2.42739e-12;1.78091e-10;1.46218e-12;7.46856e-11;2.99532e-11;1.34434e-10;1.90047e-10;3.68062e-13;5.99219e-07;2.65572e-06;2.14972e-11;1.2989e-10;3.96523e-12;1.04869e-12;9.35815e-12;2.31597e-10;4.70512e-11;2.03734e-12;1.17427e-12;3.69568e-10;7.92194e-14;4.97636e-11;2.05742e-07;6.46433e-14;1.66718e-10;4.64056e-11;1.14723e-10;5.75874e-11;1.59884e-10;1.47891e-09;4.77239e-11;9.2836e-12;8.54235e-11;1.20853e-06;2.06498e-12;1.42973e-12;5.90386e-14;3.00272e-11;3.82328e-18;6.78727e-12;4.95684e-07;4.21003e-12;1.48055e-11;2.44685e-12;8.86913e-11;4.92322e-11;1.47545e-10;6.61091e-11;8.25142e-14;1.70487e-13;2.22777e-13;2.53671e-13;1.17042e-14;8.7243e-09;6.89007e-14;1.49637e-11;7.28469e-12;4.50391e-12;3.0297e-14;1.50761e-12;5.6627e-11;8.27276e-08;8.3771e-09;2.20051e-09;1.52461e-07;0.000758236;2.48998e-06;0.998979;9.28265e-06;1.8933e-08;1.83251e-09;1.15857e-08;1.02825e-06;8.25654e-08;1.51128e-05;1.56175e-17;7.24821e-15;1.08012e-12;1.23767e-11;2.40379e-16;2.94554e-09;7.27868e-08;2.15743e-10;8.78673e-13;7.68698e-12;1.53941e-11;6.33824e-20;4.48707e-13;9.86199e-12;1.40095e-11;9.54726e-14;7.33812e-14;1.7245e-11;7.48991e-12;2.42819e-14;5.79762e-12;1.90984e-12;4.0355e-12;5.00437e-11;1.00728e-11;6.75241e-11;1.34137e-10;2.06477e-08;1.52328e-10;3.95392e-14;3.84243e-14;4.08252e-11;1.86936e-14;5.79096e-13;3.30965e-08;2.37333e-13;5.56931e-12;2.10525e-12;2.83011e-14;5.38788e-11;1.58224e-07;1.46922e-09;3.74806e-13;1.84433e-11;8.05461e-11;3.20033e-15;4.32827e-13;1.38778e-06;1.87894e-13;8.11533e-13;2.04034e-11;8.57515e-16;4.92107e-12;2.12442e-11;7.02605e-17;1.70704e-12;5.69218e-09;1.68558e-11;2.229e-12;1.16076e-12;7.81133e-11;1.02319e-12;1.37867e-10;8.59233e-10;9.11375e-09;7.5081e-12;8.37788e-11;1.10242e-09;2.39511e-14;1.10065e-17;3.50842e-07;3.6789e-10;1.46688e-12;1.79464e-12;7.7549e-10;6.51671e-13;1.50651e-14
1.27732e-10;2.65769e-13;2.03006e-12;1.01262e-12;7.89602e-15;2.89253e-12;3.39496e-13;9.17095e-10;7.98e-11;4.17322e-11;1.55193e-11;8.64448e-11;6.04149e-13;3.9243e-12;2.29094e-11;1.77795e-11;1.24378e-10;2.23366e-12;1.70566e-12;1.66136e-12;8.90259e-12;3.1492e-13;4.18939e-11;1.13543e-11;1.48366e-10;2.07518e-13;2.9003e-11;4.83971e-13;7.54056e-14;1.30424e-10;1.00902e-09;5.03315e-14;1.37007e-11;8.92061e-13;1.23836e-11;2.58979e-11;1.03478e-11;2.33256e-12;8.71757e-12;8.70157e-11;1.01015e-10;4.1966e-12;1.48249e-12;5.33958e-13;1.05597e-12;6.41891e-10;5.82682e-13;5.62766e-13;5.24042e-11;4.03782e-14;6.15715e-12;1.18286e-07;5.97829e-14;1.88116e-10;3.34445e-14;1.71397e-10;1.01555e-12;3.81891e-12;1.21007e-11;4.61025e-10;3.47644e-12;2.90151e-11;7.26875e-11;2.36193e-10;4.44518e-13;2.10249e-10;4.9935e-11;1.44975e-11;1.24431e-13;4.74374e-11;2.39085e-11;2.43297e-11;1.93928e-12;4.31454e-15;1.05135e-12;6.31187e-12;5.25811e-12;4.87238e-11;4.19806e-12;1.37162e-12;3.37301e-12;7.93687e-13;9.60392e-11;2.49731e-11;1.51215e-13;1.53321e-11;3.68224e-13;1.89029e-14;1.04674e-11;1.58534e-12;6.76016e-13;4.7556e-11;1.08809e-11;6.70972e-16;1.74442e-11;3.63134e-14;4.13871e-12;9.56893e-12;4.74098e-12;3.13291e-13;2.80025e-10;1.95177e-11;7.64457e-13;2.22163e-10;9.10138e-15;8.23918e-11;1.93247e-12;1.61895e-11;1.6945e-11;1.44403e-10;1.16373e-09;7.53741e-10;1.94316e-11;2.66386e-12;4.52305e-10;1.71289e-15;8.57557e-13;5.51692e-11;3.08368e-11;1.36681e-11;1.45351e-11;4.49795e-10;9.42538e-12;1.7832e-16;1.41647e-12;6.73402e-11;7.94342e-18;6.03402e-13;4.22254e-14;3.85037e-14;2.52768e-12;1.54098e-09;4.63789e-11;1.2612e-12;8.10545e-11;7.66e-13;1.17663e-12;1.86758e-11;5.83469e-11;1.78263e-11;5.3808e-11;1.52785e-14;1.77507e-13;1.9855e-11;8.88129e-12;8.15193e-10;1.1237e-12;1.37196e-11;1.0225e-12;2.42365e-10;1.19431e-10;7.51079e-14;5.16073e-12;6.64918e-14;1.97799e-10;3.95241e-13;3.30134e-12;5.02323e-11;1.05663e-11;9.9601e-13;4.79519e-12;3.37267e-11;2.85044e-08;6.13875e-10;2.12839e-12;6.71081e-11;1.09389e-12;6.05249e-11;1.8682e-11;3.59579e-12;3.21495e-13;1.20294e-11;1.99507e-13;9.25127e-14;7.96687e-14;1.95358e-14;4.38333e-12;1.04097e-14;1.55671e-11;4.42721e-12;5.71804e-14;1.75823e-12;8.49111e-13;5.38927e-15;6.26339e-15;3.87587e-13;5.23666e-13;2.26788e-12;4.99792e-11;7.94637e-13;2.8795e-12;1.66155e-13;1.83282e-12;4.87443e-11;1.60484e-13;2.95794e-11;1.47215e-13;1.198e-10;7.09844e-11;7.16706e-11;8.3419e-12;9.0027e-14;1.87992e-11;2.08838e-12;4.00412e-16;4.5873e-11;6.75249e-13;3.85005e-12;1.41426e-12;6.63244e-12;1.62865e-12;7.62384e-12;2.26322e-12;9.97237e-13;5.063e-14;2.52812e-12;3.70542e-12;4.43448e-15;6.11506e-11;2.22996e-14;4.28694e-15;1.97311e-12;2.64946e-11;1.46264e-11;5.00674e-12;2.76299e-12;2.23849e-10;5.27167e-11;4.26415e-10;5.0362e-12;3.98884e-13;1.05705e-13;3.5168e-13;2.18063e-11;2.00149e-12;8.562e-16;1.7871e-11;5.00561e-16;7.79653e-12;4.74022e-12;2.58785e-11;4.7542e-10;1.80715e-10;1.06788e-11;2.25492e-12;1.8586e-14;1.1194e-11;2.21782e-12;3.82392e-15;3.04426e-14;2.03277e-14;4.49492e-16;3.55729e-12;2.26657e-11;3.41486e-11;7.3558e-11;1.49695e-12;2.08584e-11;2.74293e-12;1.46851e-13;3.00978e-12;1.08848e-12;7.86136e-10;5.44496e-14;3.99971e-15;5.53132e-14;9.95166e-12;1.27889e-11;1.2293e-11;9.40033e-13;1.73079e-11;6.27511e-13;1.04608e-19;1.00483e-15;2.43511e-13;1.67288e-13;1.40374e-19;7.5903e-14;3.83455e-19;4.16727e-17;1.2384e-10;7.64168e-08;2.19808e-12;4.62717e-12;4.48998e-09;4.01394e-13;9.94863e-13;3.54669e-15;1.70158e-11;1.33006e-12;9.49441e-17;9.76735e-15;3.25353e-16;9.47322e-10;3.43228e-13;5.98003e-12;2.08931e-12;3.3257e-14;8.60591e-13;7.79516e-13;3.07174e-12;2.1115e-15;4.14591e-12;2.54909e-09;1.33136e-16;2.42878e-14;8.61013e-15;1.54003e-11;1.41464e-11;1.30849e-11;3.74032e-06;4.49709e-08;7.41696e-09;1.66101e-10;3.32934e-12;4.20224e-12;9.54607e-11;1.11891e-12;1.12318e-11;2.74055e-15;4.88694e-12;5.03249e-12;9.65732e-12;1.26691e-12;4.83867e-12;2.91346e-10;5.9359e-15;8.45237e-13;4.89974e-12;1.16592e-12;1.23032e-12;6.62636e-12;5.22112e-12;9.27605e-12;1.94213e-11;3.99825e-12;3.69529e-10;0.999703;4.74099e-09;3.22008e-09;1.63717e-08;1.39096e-08;1.81067e-08;2.03358e-09;4.04934e-10;3.7468e-08;1.11355e-07;0.000293014;6.50674e-08
3.28414e-06;6.99059e-13;9.29157e-12;2.65959e-13;2.35771e-13;7.10016e-14;6.9932e-14;1.31697e-11;4.95989e-13;1.13122e-11;1.2586e-12;4.76071e-10;2.82829e-12;1.94091e-12;2.07394e-12;2.62859e-09;8.05185e-11;1.17e-12;1.15373e-12;2.76141e-09;0.999997;8.08301e-11;1.91937e-13;1.07751e-09;6.25583e-13;1.38132e-12;1.05937e-13;8.32018e-13;1.60218e-10;2.69771e-13;1.26929e-11;1.31803e-10;1.51869e-13;3.7353e-16;1.962e-11;3.06697e-13;1.14455e-12;6.18654e-13;3.07046e-13;9.13808e-16;1.71673e-18;6.21327e-09;3.40535e-12;1.08019e-11;1.61709e-09;3.626e-12;3.90824e-12;7.305e-11;5.94449e-13;3.24481e-12;8.93435e-12;9.92784e-10;1.64887e-14;2.24681e-14;6.90242e-15;5.61583e-12;1.71757e-14;3.45329e-11;1.77227e-11;1.33521e-11;3.51601e-12;1.14025e-12;2.45382e-15;1.88708e-13;2.31927e-12;2.99207e-12;7.65358e-12;3.43496e-13;2.38415e-10;4.49895e-11;4.16884e-11;4.9267e-09;2.36081e-12;2.23215e-12;1.0753e-11;2.3531e-11;9.21395e-12;8.05683e-13;1.67897e-12;1.85659e-12;3.00518e-12;5.37204e-11;3.45974e-11;4.51126e-12;1.12202e-09;1.89229e-12;2.02829e-11;4.29446e-13;6.54771e-13;1.72383e-12;9.80761e-10;1.96848e-09;7.10174e-11;6.54734e-10;1.01998e-08;8.21034e-13;1.28757e-08;4.47076e-12;3.85729e-11;3.75119e-12;1.77901e-12;3.22536e-12;9.67637e-12;6.37746e-11;3.63768e-14;1.25273e-14;4.30297e-13;9.62037e-13;2.97381e-13;7.76564e-14;3.16642e-13;9.93211e-14;1.72813e-12;8.89653e-13;2.0158e-12;3.14613e-11;2.25239e-14;1.01288e-14;7.79849e-15;4.41723e-11;1.24956e-12;1.04189e-14;3.08175e-13;1.48649e-12;1.15836e-11;4.18062e-12;8.17725e-10;2.23655e-11;7.11332e-15;1.01034e-10;2.004e-12;2.1193e-11;1.04021e-11;3.2915e-15;2.35189e-14;1.42351e-13;1.32358e-10;7.53878e-10;2.41349e-11;8.92998e-13;8.46589e-12;1.54376e-14;1.77436e-13;2.98711e-12;1.15756e-11;8.40389e-13;9.05683e-12;1.41076e-12;3.12678e-11;2.55498e-11;1.46641e-12;4.92531e-11;4.12818e-14;4.30715e-17;1.88114e-12;7.13075e-13;1.1745e-13;1.91412e-14;4.83456e-14;3.6008e-11;3.01061e-11;7.1001e-12;1.18882e-09;5.25274e-13;3.46584e-14;1.13898e-12;4.84531e-12;6.3473e-12;2.05256e-12;8.67373e-13;4.68805e-11;2.44981e-11;1.09033e-11;1.63347e-12;3.45658e-11;5.36136e-15;7.27184e-11;5.49341e-12;1.52917e-12;1.55156e-11;3.8858e-11;1.95754e-11;9.48368e-12;6.49081e-12;1.99414e-12;1.33222e-10;1.33006e-11;8.6889e-10;5.67768e-11;5.40891e-11;1.92487e-11;6.46724e-12;2.76113e-11;2.19247e-12;4.10785e-11;5.44449e-13;2.79774e-14;7.90377e-12;1.01492e-10;1.78902e-13;1.67174e-13;2.88191e-10;5.19792e-10;4.37149e-10;2.03554e-10;6.19435e-10;7.48583e-11;8.36015e-10;3.14618e-11;3.94569e-12;3.04325e-12;2.8121e-11;1.29296e-11;4.49253e-09;7.21826e-10;2.76957e-10;7.47748e-12;5.13748e-08;7.26853e-12;6.1804e-14;5.40466e-13;2.25319e-12;3.15583e-11;2.9263e-12;1.33729e-11;1.08376e-09;1.85291e-10;1.17311e-11;1.17228e-08;2.7552e-08;4.39896e-10;7.56273e-12;1.06284e-10;6.02558e-12;2.44357e-12;2.70006e-09;1.06176e-14;6.23115e-15;2.74446e-11;2.9127e-11;9.25519e-12;7.81315e-14;3.69977e-13;8.55738e-14;4.96607e-13;2.2991e-10;1.68521e-10;9.86276e-12;1.73064e-14;2.518e-08;7.72557e-15;2.24007e-12;4.81816e-12;3.89628e-13;8.02419e-12;2.72325e-14;1.04105e-14;3.00078e-12;6.40354e-12;2.5539e-11;6.94402e-13;2.1027e-12;2.46912e-10;1.64067e-11;4.90941e-13;6.65453e-12;2.47735e-11;1.10793e-12;2.20703e-13;4.76067e-11;6.31162e-12;1.8501e-13;9.13801e-10;2.0868e-10;7.28818e-12;2.92162e-13;8.70964e-13;5.22994e-14;1.82773e-11;1.99359e-17;6.92007e-12;7.78201e-13;6.4841e-14;4.33912e-16;5.89998e-15;2.71169e-16;6.93348e-14;6.02001e-11;2.52437e-09;4.65808e-12;2.73556e-08;1.6346e-13;9.62568e-16;4.13463e-16;6.81977e-13;2.68791e-13;6.42649e-12;1.65661e-16;2.58184e-12;2.23323e-13;1.74885e-13;1.32604e-11;1.59693e-13;4.61878e-12;3.92123e-09;1.21697e-13;4.91057e-16;4.24219e-17;3.51713e-13;5.39202e-13;7.21887e-15;4.39617e-14;8.14819e-16;2.08849e-12;3.43796e-09;2.68534e-11;1.71346e-11;4.2209e-08;6.95062e-17;6.3287e-12;4.06178e-11;5.85674e-12;3.78991e-12;1.18007e-08;6.92152e-12;9.61723e-14;6.51832e-09;3.14177e-09;5.90782e-13;1.15925e-10;4.37564e-12;1.40717e-11;1.4737e-11;1.70571e-14;1.04624e-13;8.50645e-15;2.90617e-11;3.93604e-16;3.81172e-12;1.90591e-13;7.46869e-12;1.21771e-12;5.4047e-15;3.58157e-14;6.84886e-13;1.75928e-13;1.5166e-14;8.78447e-14;2.25153e-15
1.01653e-20;1.92535e-19;1.14885e-19;4.08211e-20;3.13172e-18;3.70141e-20;6.87135e-21;3.00605e-18;3.5911e-19;7.22867e-19;5.12544e-16;4.32696e-23;2.50575e-18;3.40236e-18;1.90469e-19;2.24247e-18;5.5194e-20;1.40642e-19;6.50675e-21;3.10798e-20;1.28019e-18;8.72715e-20;3.59089e-19;1.86921e-17;1.76332e-21;9.9387e-22;1.11793e-20;2.46535e-16;7.13773e-20;6.55134e-21;1.19151e-20;2.51078e-19;2.96716e-20;7.58077e-24;1.10214e-19;6.70476e-18;3.53517e-19;2.44167e-19;7.41625e-18;1.55249e-20;8.90868e-21;9.14639e-19;1.50143e-16;6.39792e-21;6.96349e-19;7.27687e-18;2.91638e-20;9.81104e-20;1.93088e-22;8.96541e-23;5.88721e-20;6.01828e-23;4.30629e-26;3.93246e-20;8.23233e-17;1.15632e-19;1.69976e-17;4.24392e-18;1.33304e-18;2.67757e-18;4.08235e-13;9.48464e-22;1.09702e-18;2.26167e-15;2.09205e-18;1.16075e-15;4.39396e-18;8.22317e-17;7.03961e-19;2.35334e-20;4.26725e-20;1.12137e-14;3.37938e-22;5.53691e-18;1.00114e-18;1.0378e-17;3.90394e-18;2.47474e-16;1.33388e-19;8.40135e-18;1.57026e-20;1.27252e-17;9.19908e-19;2.87486e-20;2.36755e-17;1.12971e-23;3.70758e-21;8.37869e-19;2.49373e-17;2.29822e-18;1.66552e-18;4.44005e-19;8.08053e-19;5.36969e-19;1.20483e-20;5.25588e-22;2.29644e-20;2.09484e-17;3.25138e-18;3.66295e-18;5.31664e-22;2.79861e-22;1.76426e-13;4.19164e-21;7.53927e-23;9.17455e-20;1.21652e-17;1.01841e-17;1.49606e-19;7.68622e-17;1.72364e-18;1.59619e-19;3.33117e-15;1.41604e-18;1.63213e-19;2.40493e-18;4.93759e-20;8.95741e-21;4.18581e-16;2.92684e-16;4.3244e-19;2.56117e-18;4.41286e-19;1.76081e-21;4.61016e-22;9.56729e-23;3.39812e-19;3.04173e-23;5.94483e-21;8.93516e-21;2.86265e-17;4.61506e-18;1.75983e-18;3.81511e-16;4.35532e-19;2.29521e-19;5.87455e-18;5.03948e-20;1.18833e-19;1.5934e-16;2.10173e-19;2.04604e-19;2.55741e-17;1.56544e-15;1.20928e-16;8.76694e-17;1.4615e-18;1.10107e-18;3.65719e-18;4.68418e-20;2.29224e-19;6.2653e-15;9.89138e-24;1.394e-22;9.56389e-18;2.18281e-18;1.59963e-15;1.80022e-20;9.14976e-19;6.85214e-18;6.15581e-19;2.19531e-19;3.31251e-16;2.51903e-19;2.64359e-20;6.7695e-19;3.08955e-15;1.42964e-18;1.27031e-16;5.0414e-17;2.91829e-17;1.41908e-18;2.5151e-19;5.01548e-16;1.92284e-21;8.93744e-20;2.49599e-17;2.80481e-14;1.05844e-17;3.92334e-16;4.94481e-18;9.44346e-20;5.33948e-20;5.39616e-15;2.90819e-20;8.55698e-20;2.01011e-19;5.64806e-15;7.68305e-18;2.82231e-17;1.12385e-17;1.35594e-17;8.39649e-20;4.4479e-19;4.68702e-16;3.10403e-20;4.34036e-18;7.15943e-17;2.56261e-15;1.09998e-17;9.88233e-17;3.96363e-18;6.07484e-19;1.40754e-19;3.68761e-15;2.92197e-19;5.11688e-19;1.34736e-17;7.73635e-17;7.19486e-18;6.96173e-16;1.27313e-18;5.76349e-17;5.30868e-19;3.8837e-20;4.0485e-20;1.11551e-21;3.46243e-14;8.33688e-22;9.35124e-24;1.35839e-17;1.04947e-18;6.01706e-18;3.34951e-19;3.33218e-18;3.83079e-17;2.46207e-19;8.59087e-20;2.62176e-15;9.08253e-21;1.01998e-18;1.14245e-18;1.2306e-19;9.15954e-20;7.58276e-20;2.2834e-18;6.11157e-23;1.40489e-20;4.86757e-20;4.32627e-16;2.28349e-18;8.26004e-19;8.58707e-21;2.57797e-18;5.47807e-19;7.93579e-19;4.79604e-20;8.85668e-21;1.3293e-17;1.66981e-26;7.44141e-19;1.40376e-18;1.54917e-17;3.41679e-18;3.21477e-19;8.47756e-16;7.585e-19;7.70064e-19;1.8674e-18;1.72308e-17;2.49569e-19;7.15715e-20;3.63919e-15;8.24476e-25;8.66313e-21;1.49666e-19;1.63538e-17;2.22774e-18;5.45037e-18;2.44029e-14;5.08713e-19;1.48483e-18;2.0736e-16;8.15689e-16;1.23759e-16;2.33823e-17;1;9.43935e-16;8.17295e-20;2.79854e-16;4.94544e-13;1.65343e-14;2.32183e-15;2.46576e-09;1.79701e-14;1.52762e-16;2.24222e-19;7.40236e-20;4.24106e-22;7.35183e-22;1.35645e-19;9.63608e-27;1.06819e-25;3.27787e-23;3.08182e-15;8.76532e-18;6.85979e-19;9.52197e-16;4.22194e-20;1.82008e-19;7.75658e-19;1.9704e-22;5.46609e-22;7.84888e-23;2.7005e-18;9.20138e-28;2.69038e-23;3.87859e-19;5.95516e-17;2.27014e-20;3.55899e-12;4.38398e-19;4.07168e-16;1.81212e-18;2.49966e-18;4.39808e-20;2.27687e-18;5.56842e-21;1.03247e-19;2.91506e-26;1.6079e-21;3.95902e-17;2.91442e-18;9.20353e-21;3.55498e-17;8.60518e-19;1.0983e-20;2.08592e-20;1.13634e-20;2.15887e-20;5.31619e-19;6.72991e-20;4.48527e-20;1.52137e-18;1.64863e-19;1.00991e-18;1.89146e-18;9.80303e-23;1.14393e-18;5.54212e-21;1.69452e-21;2.72064e-24;9.70222e-22;7.21029e-20;1.13924e-19;2.41403e-21;9.72716e-20;5.43001e-15;4.07362e-23
3.65848e-13;3.92749e-13;4.79909e-14;8.69737e-14;8.18275e-10;1.21577e-11;1.0352e-10;9.40478e-14;1.48043e-13;5.4845e-12;2.08137e-16;3.82709e-10;6.18512e-14;4.25036e-12;1.09992e-12;1.11055e-12;1.11228e-13;4.96834e-12;9.001e-17;1.55003e-13;1.84696e-12;1.13714e-12;5.29302e-13;1.51817e-12;3.20775e-12;9.6007e-11;1.41546e-14;2.48724e-11;2.50693e-15;1.29061e-15;7.43092e-15;6.4156e-16;8.59811e-12;1.49151e-09;5.09091e-17;2.45873e-13;1.81755e-14;5.1431e-14;2.53376e-12;3.20341e-15;7.3304e-13;5.96842e-14;6.655e-13;3.58676e-14;3.80382e-09;8.0338e-12;9.66504e-11;1.12564e-13;2.1839e-15;2.17152e-17;2.33029e-14;1.08586e-12;4.548e-16;6.2518e-18;1.70783e-16;3.28459e-14;1.7191e-13;5.27724e-13;6.32186e-13;7.9666e-13;4.88477e-13;1.70925e-14;6.88929e-14;2.56679e-15;2.34936e-13;4.39388e-13;3.64962e-14;4.04735e-13;3.11084e-12;2.62522e-13;7.57728e-14;1.53276e-11;1.01659e-13;4.68616e-12;2.98519e-14;2.86756e-13;1.64299e-13;8.67404e-13;1.1966e-11;1.8352e-13;4.98702e-14;3.35383e-14;1.14791e-13;1.27212e-14;9.03221e-16;1.02749e-13;1.53946e-12;1.33413e-16;8.2155e-14;2.73838e-14;2.0373e-12;1.36334e-12;2.05509e-13;6.66873e-10;1.56095e-12;4.44194e-13;6.3474e-15;1.47522e-12;1.79028e-13;3.86944e-13;4.93193e-16;3.00057e-16;5.01769e-10;4.32107e-12;2.69805e-14;8.76117e-18;4.32682e-13;3.31341e-13;8.91684e-14;1.22998e-11;6.57496e-13;1.14777e-12;3.70783e-12;7.42461e-13;5.42633e-14;6.77063e-15;3.47709e-14;1.03041e-13;2.02865e-17;6.12911e-12;1.02179e-12;8.41919e-14;2.87093e-13;6.27084e-14;7.45019e-19;5.48717e-17;2.17989e-11;1.29833e-15;1.03519e-11;6.29094e-18;7.21383e-14;2.38084e-14;8.09096e-13;1.41277e-14;9.97185e-14;1.34463e-13;3.97751e-13;3.0776e-14;1.18795e-14;5.56446e-15;2.56764e-14;3.83053e-14;4.98962e-16;3.65933e-13;2.54605e-16;1.44258e-13;3.085e-14;9.26089e-14;3.22693e-13;1.27392e-13;9.36554e-15;4.64636e-15;1.36549e-13;3.76855e-13;1.21476e-16;2.60379e-13;2.97955e-13;2.35702e-15;3.77384e-13;2.75176e-12;2.77957e-13;1.30954e-12;1.03064e-12;5.82029e-12;5.4053e-12;3.27157e-16;1.98698e-11;3.70556e-13;8.81472e-12;1.16371e-13;3.16302e-11;7.61773e-13;1.20734e-13;2.34875e-14;2.17669e-13;1.24156e-12;1.02746e-15;1.95186e-12;4.19492e-12;1.06089e-13;7.05526e-13;6.90023e-14;2.44544e-14;6.79094e-10;1.37371e-12;5.83849e-11;5.20331e-15;8.81429e-13;4.71521e-12;1.52447e-12;1.97218e-12;4.5415e-12;1.99454e-13;3.51238e-13;2.34274e-13;7.38467e-13;1.42401e-11;1.04132e-14;9.64885e-12;1.1622e-12;3.96489e-13;1.5239e-13;8.1416e-14;3.07044e-13;1.42179e-13;3.86235e-15;1.72391e-12;9.00071e-14;5.54521e-13;1.51287e-14;1.68243e-11;6.61089e-14;1.8929e-12;1.27048e-13;7.385e-14;1.63045e-15;1.78193e-13;4.48768e-13;1.23714e-11;3.72279e-13;5.31813e-18;4.90147e-13;9.55263e-13;1.85789e-13;2.1287e-14;1.39607e-11;2.42747e-12;2.35564e-12;2.98382e-11;1.07061e-12;8.98137e-12;4.22996e-14;4.29078e-14;1.06025e-12;7.10798e-14;5.04502e-18;2.3967e-14;8.91986e-14;3.74944e-17;1.59022e-12;6.62554e-14;6.81948e-15;1.45911e-14;4.23387e-13;8.181e-13;8.14461e-14;3.97264e-15;9.73454e-14;2.18701e-10;7.56586e-15;5.50613e-12;3.8474e-17;6.88359e-14;3.84098e-13;7.9448e-14;2.22425e-14;5.54547e-13;2.05223e-12;2.40788e-12;1.13362e-11;4.18262e-13;1.47378e-13;5.59769e-14;9.89554e-16;8.95842e-13;2.64221e-15;2.90982e-13;6.00304e-14;1.09948e-13;4.71263e-15;7.9243e-14;2.80032e-14;4.19572e-18;1.09117e-13;1.85964e-14;1.40874e-14;1.61431e-14;1.1265e-14;1.39823e-11;5.73545e-21;9.36897e-12;3.24235e-14;1.01967e-12;3.0477e-14;5.26343e-11;5.09029e-14;8.37092e-15;1.1541e-13;2.10266e-15;2.42731e-15;1.01344e-18;2.54095e-09;2.1901e-15;1.62842e-21;1.43558e-13;4.51845e-13;3.5857e-13;9.34791e-16;1.69047e-13;3.32486e-14;1.60533e-13;5.48408e-15;1.04721e-16;2.27587e-14;8.25312e-14;6.99767e-15;9.61868e-11;3.7916e-21;6.1056e-13;5.33399e-13;6.19519e-13;2.94428e-12;4.1444e-14;1.14301e-12;1.14442e-10;1.26492e-10;3.88904e-10;3.19803e-16;7.55371e-15;9.23217e-15;6.94217e-18;3.16911e-12;9.13287e-13;3.93513e-19;5.98619e-14;1.24238e-13;4.27039e-15;9.28637e-14;1.64346e-11;2.00813e-14;7.68454e-11;5.99355e-13;4.14774e-13;5.10778e-13;1.78839e-13;2.09313e-12;1;2.31548e-16;1.26174e-13;2.52699e-13;7.16402e-21;8.52211e-16;1.96476e-12;3.85263e-10;2.83702e-12;3.70997e-13;2.2675e-13;9.67378e-10;9.70395e-14
1.04422e-08;7.65545e-13;4.11706e-13;9.00995e-11;1.01272e-10;8.4345e-13;3.45752e-11;3.39322e-11;8.62044e-13;5.18257e-12;8.46286e-11;1.42659e-12;5.3547e-13;1.9774e-12;4.20588e-12;2.89498e-10;2.17429e-11;1.17814e-11;2.23666e-12;3.0928e-11;6.86649e-09;5.00368e-12;3.87742e-12;2.03051e-10;1.73953e-12;9.75584e-10;2.02219e-12;0.999998;1.49059e-13;2.46818e-13;5.72227e-12;5.87033e-07;1.07119e-11;2.02171e-11;7.09079e-13;4.27241e-12;3.30676e-12;3.7703e-12;7.95387e-13;4.65628e-13;3.04444e-15;6.22204e-09;9.91675e-13;7.83881e-11;1.5158e-08;3.7973e-10;8.87169e-12;4.80744e-13;1.31596e-13;2.44904e-12;8.86707e-11;8.48216e-12;1.15685e-13;8.43842e-13;9.46628e-15;1.25071e-11;6.56608e-12;3.07579e-12;3.9686e-12;3.94742e-11;2.3785e-12;2.32772e-12;7.40196e-13;6.35153e-12;3.54348e-12;5.62568e-12;6.98782e-11;1.36691e-11;1.35741e-12;1.0177e-12;2.05805e-12;2.26711e-08;1.95322e-12;5.31043e-12;9.56387e-13;3.17029e-12;9.41028e-12;3.12135e-12;4.79773e-11;9.47636e-12;8.69425e-12;7.3862e-12;1.73127e-12;3.29298e-11;8.54606e-15;1.05093e-10;1.29084e-09;2.49803e-14;2.89801e-11;8.98192e-12;3.26749e-12;9.29014e-12;1.68711e-11;6.90297e-12;6.85102e-12;5.27131e-13;1.47891e-12;1.29838e-11;5.96201e-12;4.86081e-12;6.30737e-14;7.25583e-13;6.78416e-09;5.39931e-12;1.09356e-13;3.99921e-14;1.36578e-12;5.63434e-12;1.36029e-12;2.37118e-11;7.47702e-13;1.17911e-10;3.75272e-12;3.58549e-12;6.33191e-12;2.29538e-10;3.71332e-12;2.69935e-11;1.80878e-13;7.88979e-12;1.23767e-10;7.24609e-09;2.87998e-11;2.17402e-13;2.86727e-15;8.07006e-13;1.0541e-10;2.51549e-12;5.33392e-14;6.17548e-13;4.01515e-13;5.0886e-12;5.68872e-11;1.26134e-13;1.3574e-10;2.43833e-12;7.85958e-13;7.03535e-12;3.58811e-13;9.4702e-14;6.0019e-12;5.71319e-13;5.30412e-13;1.40453e-12;2.12633e-12;4.95019e-11;3.11017e-11;3.45133e-12;1.8531e-13;5.97052e-12;4.54053e-12;2.43413e-12;2.08818e-13;1.95189e-12;3.54371e-12;5.81604e-12;1.58519e-12;1.09079e-12;2.55831e-12;4.97264e-13;3.67543e-12;1.5739e-12;1.89589e-10;2.21801e-12;7.20722e-14;1.52191e-13;2.44378e-13;6.1929e-12;7.03624e-12;3.88416e-12;2.40465e-11;1.10724e-11;2.28506e-12;4.93644e-09;3.30915e-14;4.61878e-11;3.93012e-12;6.93198e-12;1.53137e-11;6.87024e-12;2.45841e-12;6.01317e-13;8.41384e-12;3.05084e-10;1.07382e-11;1.12334e-09;2.35916e-11;2.08701e-11;7.95743e-11;1.07859e-11;9.79712e-12;3.3552e-12;9.57687e-13;7.27189e-12;4.45523e-11;2.43375e-13;8.29564e-12;1.39661e-11;3.80441e-12;1.88707e-12;9.17948e-11;2.71537e-12;3.51607e-11;2.23497e-11;1.2312e-10;1.19372e-09;1.126e-10;2.06487e-11;3.23254e-12;2.83269e-11;4.45712e-11;1.68646e-10;5.39951e-11;8.33823e-12;1.05014e-13;1.44588e-12;2.88827e-12;1.18764e-08;8.81731e-12;3.10289e-12;3.35029e-14;2.09539e-12;2.57606e-12;9.23767e-12;1.48689e-12;8.56647e-12;1.99268e-11;3.92805e-11;7.33969e-12;5.9664e-11;1.46192e-09;1.0253e-11;1.09829e-13;9.81975e-12;3.78712e-11;5.9011e-11;9.73816e-12;1.31754e-11;9.80207e-13;1.59848e-12;1.59709e-11;2.72516e-13;7.05083e-12;1.82761e-12;2.77787e-12;1.55043e-13;9.00874e-12;8.05317e-13;9.33557e-10;6.02296e-11;1.31662e-11;2.47387e-15;5.82385e-12;5.70289e-12;3.08023e-12;6.14731e-13;2.03572e-12;1.68099e-11;1.3297e-11;8.57435e-12;2.39946e-12;5.37734e-12;1.44911e-06;2.25843e-10;1.44418e-10;1.2965e-12;1.13445e-11;8.18052e-12;5.64588e-11;8.56163e-13;1.28662e-11;4.75982e-13;8.09375e-12;1.09063e-11;4.72396e-12;6.44568e-10;7.29586e-10;6.68075e-14;2.30306e-10;5.0102e-15;3.76272e-10;3.59546e-11;2.80712e-11;8.61652e-13;4.8043e-11;5.95057e-12;5.17834e-13;9.19336e-13;2.32259e-11;3.04614e-11;1.28756e-11;6.44809e-14;5.71103e-12;5.96301e-14;4.66111e-12;1.70498e-12;7.164e-12;3.41066e-14;1.88921e-13;9.31689e-13;6.52155e-13;2.02764e-15;3.69656e-14;8.81242e-13;3.82811e-11;1.73644e-11;4.31166e-14;9.90023e-15;1.33662e-12;2.33437e-13;3.37594e-12;4.29266e-13;1.15542e-13;4.2202e-12;4.85738e-13;1.4531e-12;8.59792e-11;5.99303e-15;8.35338e-11;7.96423e-10;1.35469e-13;5.13636e-13;1.20111e-11;1.32818e-11;1.10035e-12;8.03732e-12;1.22372e-08;3.9847e-10;5.93696e-10;3.11652e-15;9.26128e-12;2.07918e-11;4.33889e-11;4.29567e-10;4.06366e-11;6.13434e-12;1.53623e-08;6.11982e-14;1.64793e-12;1.25552e-12;4.85741e-13;2.65349e-11;2.1384e-11;9.18393e-09;7.34873e-13;2.26609e-12;3.69965e-12;1.12169e-13;1.2836e-13
1.0875e-16;1.6013e-16;2.08779e-18;1.46953e-16;1.96835e-16;1.86867e-16;2.33403e-15;3.50764e-16;2.35378e-17;8.66744e-17;9.95853e-18;3.1904e-17;3.57364e-18;3.60988e-16;2.46845e-16;4.71495e-17;1.41537e-14;1.96632e-16;6.22771e-16;1.44709e-15;4.61189e-14;1.52239e-17;4.96811e-17;5.80312e-16;6.042e-18;5.71934e-14;9.01362e-17;4.98553e-14;2.31983e-17;1.88579e-16;1.30566e-15;1.03308e-14;1.85477e-15;8.39053e-20;1.27446e-14;1.13649e-16;5.94138e-17;5.87374e-16;4.38593e-17;1.16396e-19;1.23453e-16;2.25806e-17;3.685e-18;4.79574e-16;1.52273e-15;5.45426e-20;4.21178e-17;6.37597e-18;1.75097e-16;1.16118e-13;6.45363e-23;7.22683e-19;5.9561e-17;1.58254e-20;2.47721e-16;2.09032e-16;1.11454e-15;9.01567e-17;7.33882e-16;4.40791e-16;3.71269e-18;4.6067e-17;5.27195e-17;5.88666e-15;1.0972e-16;6.87891e-16;1.80149e-15;3.36871e-16;5.84498e-17;2.23054e-16;2.15536e-15;2.93296e-17;7.56398e-17;3.60814e-14;2.83335e-18;4.94872e-18;2.27296e-16;2.04631e-17;9.2303e-17;2.39798e-15;2.21127e-16;5.07824e-16;1.802e-15;4.78733e-15;3.72924e-18;2.28748e-16;1.61518e-11;2.24036e-17;1.26249e-16;5.60829e-17;4.06405e-17;7.55853e-16;5.14471e-16;5.19072e-19;4.74876e-19;3.25421e-13;1.5149e-16;4.78881e-19;7.9784e-18;1.13976e-17;6.47861e-18;4.26628e-16;1.64551e-17;1.06249e-18;5.43168e-17;1.70632e-17;3.94652e-17;9.04331e-17;1.60424e-16;2.00604e-14;1.42075e-16;3.34602e-15;5.45627e-18;1.96582e-17;1.10262e-16;8.89714e-18;9.59966e-17;2.25986e-16;3.23421e-16;1.92399e-18;2.09277e-16;2.42104e-16;1.16908e-15;1.87054e-18;2.97256e-16;3.26022e-15;3.90079e-19;1.67493e-20;5.71826e-17;2.79603e-18;5.22336e-18;2.39136e-16;2.76682e-14;9.98391e-19;3.87801e-19;7.25408e-15;1.53528e-16;1.03737e-15;3.28933e-16;7.07508e-18;8.5453e-18;9.24159e-15;3.06995e-17;7.53633e-18;7.07959e-15;1.4056e-16;4.46312e-14;4.85308e-17;1.28453e-17;1.55927e-15;3.02468e-16;2.20351e-18;6.09075e-19;1.05969e-15;4.99508e-17;3.39755e-17;3.90926e-18;4.22763e-19;3.19043e-16;3.41366e-16;1.51534e-16;4.35508e-16;2.09343e-17;9.08489e-17;5.10707e-15;1.56137e-16;3.76851e-17;5.33413e-17;1.01279e-15;2.64425e-17;1.27e-16;6.71415e-16;1.60711e-15;7.08379e-18;2.37216e-19;5.15744e-17;1.61528e-16;7.10757e-15;2.23082e-16;2.82452e-15;5.05169e-17;1.38014e-16;3.80165e-15;1.20514e-16;2.38411e-19;1.59636e-11;2.58744e-15;2.41068e-14;1.08843e-16;8.57447e-15;1.79734e-16;1.94118e-16;4.27107e-15;8.70185e-15;1.30438e-17;1.38958e-18;3.34311e-12;5.47914e-16;6.91841e-14;3.72478e-17;3.95295e-15;3.09249e-17;3.3097e-16;4.53498e-16;1.24657e-15;7.43526e-17;8.23348e-14;4.02705e-16;4.66832e-17;2.50318e-16;3.33009e-16;5.61893e-15;3.21307e-15;9.46748e-17;2.33204e-18;1.2026e-16;2.97671e-15;4.34287e-16;3.37659e-17;2.08568e-16;1.90217e-15;1.66221e-17;2.10539e-17;2.54665e-17;3.2723e-18;3.09211e-17;1.62255e-15;1.4035e-15;2.34655e-18;5.72598e-16;5.46938e-14;8.00322e-16;1.02444e-17;9.42459e-17;2.34596e-14;4.34699e-17;3.34964e-18;1.14806e-15;6.59862e-16;2.65885e-17;3.52297e-16;1.00846e-17;2.14049e-17;2.47363e-15;1.10869e-16;1.55471e-16;4.71823e-16;2.58633e-14;9.68128e-17;2.49205e-15;4.56305e-14;2.98799e-18;4.09344e-17;7.34231e-17;7.67528e-17;6.42726e-18;2.10948e-17;1.62736e-15;8.39721e-17;1.14626e-16;2.29242e-16;2.10441e-15;9.42267e-19;1.24142e-16;1.45873e-14;2.53111e-16;5.47573e-18;3.28082e-17;1.93531e-16;3.46025e-15;2.8925e-17;1.39201e-17;0.999966;3.10846e-16;1.57869e-15;1.24011e-10;3.85405e-16;7.88173e-19;2.04774e-08;3.37402e-05;5.97653e-15;1.04978e-12;1.22602e-12;4.49067e-12;2.34747e-14;2.06301e-11;1.58112e-17;3.10323e-18;1.1393e-16;4.67836e-15;5.19632e-17;1.06788e-20;4.84694e-17;7.1748e-20;5.77025e-18;4.38923e-18;4.64266e-15;3.62378e-21;8.09518e-20;1.01354e-16;4.63482e-17;2.65168e-16;5.19308e-15;1.93444e-15;9.217e-18;1.89609e-19;1.48871e-16;9.00004e-20;1.95229e-17;6.85249e-17;1.22366e-18;1.24447e-20;4.35111e-17;7.87027e-17;9.69387e-18;5.37498e-15;7.89915e-16;1.16811e-21;3.011e-14;2.61322e-18;3.05961e-15;1.44183e-17;1.69674e-15;2.0718e-22;2.15463e-18;5.78652e-18;2.84209e-16;4.22252e-19;1.38232e-16;6.25464e-15;9.22871e-17;2.41171e-16;2.19822e-16;6.69727e-18;6.86593e-18;1.12849e-18;2.32242e-15;1.35991e-19;4.41602e-18;3.07278e-17;1.62419e-17;1.1563e-20;1.75667e-16;3.22807e-17;3.68892e-17;5.98766e-17;5.1621e-16;5.61506e-17;2.01803e-20
5.47164e-18;1.58573e-18;6.27344e-17;3.28845e-16;6.02974e-16;4.40817e-18;3.95641e-13;1.64153e-13;1.63681e-15;9.43422e-15;1.03755e-12;4.36949e-15;1.07601e-15;1.03558e-13;1.63448e-14;5.11384e-16;9.13065e-16;3.64316e-15;3.33749e-16;1.00022e-14;1.59388e-13;2.65908e-15;1.82665e-15;9.44031e-14;2.63389e-15;5.87151e-14;4.91223e-15;5.5972e-15;5.23351e-18;2.5e-18;6.2685e-17;1.72756e-13;7.25706e-15;3.39819e-12;2.3163e-19;4.42451e-14;4.92873e-15;7.93817e-15;3.22302e-13;2.28703e-14;3.74496e-14;2.14002e-18;4.96228e-16;2.90444e-15;2.12106e-15;1.4352e-16;1.14082e-13;3.64129e-16;2.15411e-16;7.47352e-17;6.95981e-20;4.53617e-18;1.43508e-14;3.81281e-19;4.62389e-10;2.29135e-14;1.09205e-12;7.49648e-15;6.3372e-15;5.77188e-13;2.55776e-14;7.13812e-17;8.07214e-15;1.60018e-14;3.04129e-15;7.13648e-12;4.89098e-13;1.08784e-12;9.02774e-16;4.29801e-16;5.91453e-15;3.20704e-13;8.54947e-15;8.21654e-11;1.05044e-15;2.63032e-15;6.92799e-15;4.36702e-14;4.94669e-14;1.51894e-13;3.33977e-15;1.04964e-12;4.7165e-15;9.06152e-14;3.29475e-13;3.34374e-15;9.07712e-14;2.2872e-16;8.32457e-14;3.98042e-15;1.63214e-14;3.44703e-15;3.48156e-16;2.04155e-14;6.33016e-14;3.09922e-13;1.79436e-16;4.75345e-16;3.35755e-16;9.27831e-18;1.60296e-18;1.30993e-15;1.29212e-16;1.44038e-15;1.40791e-15;2.24919e-18;1.16583e-14;7.3774e-15;1.05548e-14;1.81571e-11;1.02886e-11;1.69189e-11;5.24817e-15;2.72577e-16;1.77289e-15;3.66373e-19;3.69197e-17;4.44252e-14;1.4689e-13;3.3646e-12;4.83902e-12;3.94631e-12;2.75779e-13;9.52046e-21;7.07404e-20;1.3963e-18;2.33258e-21;4.25579e-20;3.5456e-16;9.68266e-21;1.7127e-14;1.76514e-15;3.3479e-15;6.65216e-11;4.41246e-12;4.19448e-10;1.98165e-15;5.20305e-15;3.04364e-15;4.2378e-16;2.58195e-16;1.26546e-14;1.88934e-15;1.66761e-14;1.1206e-11;4.87335e-12;3.71726e-13;1.09911e-15;1.32077e-17;4.84244e-19;3.93068e-17;6.31734e-18;2.26685e-19;1.28316e-15;3.13738e-17;6.06597e-15;2.12668e-10;7.07411e-12;5.98852e-12;9.57792e-15;1.37101e-15;4.63297e-14;1.58642e-15;1.67848e-15;1.25523e-14;1.41372e-15;2.2484e-10;5.97309e-11;1.85852e-11;2.50749e-15;1.92709e-14;6.95294e-15;9.63466e-16;6.1682e-18;1.27176e-16;8.1421e-15;2.88378e-16;1.60139e-09;5.2432e-11;3.48217e-12;2.47083e-15;1.08934e-15;5.73324e-15;1.43569e-16;1.02938e-15;2.0704e-13;3.02381e-18;8.56624e-13;2.80252e-12;9.38234e-13;7.55503e-14;1.87137e-15;2.17373e-15;1.7401e-14;2.09255e-18;5.22725e-16;2.9829e-15;1.93652e-16;1.36504e-11;2.03763e-11;6.2056e-12;1.50117e-14;2.69005e-15;3.52646e-14;8.3597e-16;1.00791e-15;1.12617e-13;5.57363e-15;4.69728e-14;6.90352e-15;1.55503e-09;4.24816e-12;6.96742e-11;7.28018e-15;2.56106e-17;1.22394e-16;1.0379e-14;2.21717e-14;9.53383e-14;1.02162e-13;1.15357e-16;1.61738e-15;8.67373e-15;3.00195e-15;3.3523e-16;2.61669e-14;8.84973e-16;3.68702e-15;3.32141e-14;2.1656e-14;1.58484e-14;1.16881e-15;8.42461e-16;1.63896e-15;5.35195e-13;1.68006e-15;9.13956e-15;4.84373e-16;3.46263e-18;1.10922e-14;5.08979e-16;8.66081e-17;9.0035e-16;2.37459e-15;2.50287e-15;3.92317e-16;3.24361e-17;1.4192e-14;7.05333e-15;1.21876e-18;4.50972e-10;3.72694e-16;1.33054e-14;4.22545e-14;1.1439e-14;9.87213e-14;1.12614e-15;6.61966e-12;1.87745e-13;1.47249e-14;1.39358e-15;9.40208e-15;2.51298e-16;1.06526e-17;2.31344e-13;1.7554e-17;1.65609e-15;1.38745e-15;1.88848e-15;1.54327e-14;4.86868e-16;9.40668e-16;2.96388e-13;8.45863e-14;5.21937e-16;8.70402e-13;4.96567e-12;1.41481e-14;7.89585e-10;7.28836e-11;6.039e-12;1.75958e-12;7.60278e-12;1;8.04122e-10;6.12619e-09;8.18777e-13;1.76788e-16;2.91597e-18;1.02563e-16;9.71183e-14;3.69629e-16;4.80222e-17;5.54072e-23;3.09259e-14;1.82944e-15;3.27616e-15;3.35235e-14;1.04784e-15;1.16941e-13;3.01381e-15;2.12601e-19;7.02153e-18;8.07677e-16;1.55997e-19;5.44768e-18;4.94584e-15;2.97704e-19;3.77586e-15;9.21064e-16;4.67291e-10;6.3357e-12;2.4539e-11;4.00703e-15;7.76834e-16;4.47655e-16;5.89805e-14;3.97876e-18;1.96123e-15;1.11948e-13;2.36711e-18;5.10948e-16;6.73734e-15;3.01334e-16;3.21579e-16;1.42951e-15;9.37962e-15;2.2537e-15;3.31825e-15;6.09293e-17;2.23278e-15;7.6737e-17;2.40799e-15;8.09408e-16;1.85671e-15;2.70269e-15;3.79725e-15;6.55911e-19;7.84648e-15;1.85711e-16;2.44046e-14;5.87824e-16;4.94678e-14;2.00674e-13;9.52558e-15;1.01667e-15;1.40131e-13;4.48189e-16;4.2779e-16
1.04955e-13;8.34358e-16;4.05113e-15;6.06097e-13;7.15494e-15;3.35137e-14;1.37893e-10;2.20798e-13;2.0789e-15;2.83714e-15;1.00039e-19;1.43953e-15;6.6116e-16;4.76482e-16;1.17199e-15;1.06803e-15;6.37404e-16;2.17819e-15;1.24635e-14;9.35349e-14;3.62059e-16;3.60001e-16;1.08834e-15;4.96338e-16;1.35974e-14;9.99583e-15;4.05813e-15;1.03032e-16;4.27922e-20;5.56531e-17;2.07066e-15;2.34522e-20;9.14145e-17;1.06148e-15;1.40318e-20;2.57734e-17;7.97577e-17;3.51699e-16;2.82902e-17;8.15139e-19;1.02486e-15;1.31123e-16;4.27304e-16;2.76166e-13;7.52272e-16;1.29089e-17;3.9403e-12;6.29677e-18;1.28393e-15;4.7729e-16;2.37505e-20;1.84438e-15;6.17924e-14;1.81803e-19;2.47703e-16;1.69135e-15;8.94714e-16;6.5065e-17;1.41417e-15;6.15707e-13;2.78253e-18;2.73708e-14;1.18556e-16;2.34378e-17;3.50326e-16;5.53622e-16;7.99628e-16;5.62551e-15;4.62115e-19;2.7056e-16;1.71622e-15;1.71033e-20;2.83492e-16;4.0664e-19;1.71401e-17;1.55559e-17;3.89015e-16;8.15249e-18;6.94389e-15;1.28712e-15;2.45657e-15;1.91592e-17;3.86209e-16;8.53263e-13;1.54511e-20;3.38019e-15;1.25889e-14;3.19465e-15;2.29473e-15;5.07707e-15;7.88107e-16;1.89873e-14;5.76606e-16;8.83526e-16;2.38895e-13;7.69627e-13;1.34236e-17;8.19842e-16;5.05983e-16;1.84993e-19;7.45758e-17;1.46595e-15;3.85233e-20;1.61692e-15;7.15119e-20;4.46959e-18;8.04012e-17;2.40594e-16;2.13665e-16;3.41033e-19;6.64461e-17;1.77477e-15;5.8631e-17;6.93293e-16;1.08889e-15;8.11642e-18;1.9285e-12;6.58832e-17;1.66695e-15;7.94141e-18;3.14073e-15;4.61131e-16;9.48779e-17;3.81258e-21;4.69065e-19;6.02296e-16;1.23621e-19;1.1329e-17;4.52155e-17;2.3778e-20;2.81768e-18;6.68689e-17;4.94556e-15;7.85831e-18;2.99242e-15;4.46584e-12;4.15393e-17;5.96252e-16;4.72903e-14;3.75324e-20;1.73456e-14;3.50269e-16;1.71668e-14;7.63598e-17;1.48711e-17;7.86638e-16;4.07109e-16;5.74987e-17;2.08795e-18;1.28533e-17;6.73368e-16;1.70555e-18;6.92666e-18;1.36692e-18;1.16295e-17;2.50586e-16;6.80414e-16;8.42483e-15;1.0775e-14;7.51073e-17;3.88706e-16;1.56343e-14;4.18206e-18;3.4554e-15;9.72465e-14;2.07279e-16;1.49356e-15;1.32417e-15;4.93819e-15;1.90028e-14;6.30204e-17;1.60006e-14;1.38196e-14;6.41272e-21;1.33429e-13;1.49258e-17;5.90335e-17;1.23706e-17;1.03618e-14;7.64054e-17;6.7312e-17;3.88676e-15;1.22261e-14;5.4242e-18;4.3096e-15;6.70871e-12;1.07094e-14;4.72175e-16;3.64477e-14;4.78228e-16;1.62232e-16;1.50773e-17;1.1817e-14;7.0226e-14;7.25231e-20;2.51815e-14;1.83702e-13;3.05505e-16;1.2237e-15;3.56613e-14;6.64147e-15;9.54885e-17;1.74442e-15;5.66428e-15;5.98989e-19;5.47717e-16;3.39863e-15;3.13943e-17;2.0263e-17;1.07782e-16;2.6841e-16;5.16417e-16;5.79327e-15;2.58537e-17;3.13049e-19;1.47295e-15;1.08641e-14;6.94087e-19;6.11303e-14;1.4652e-17;6.61245e-18;8.45722e-17;2.48947e-17;4.6334e-16;1.03948e-16;4.11546e-15;2.29236e-13;8.17345e-13;6.13609e-16;3.46754e-12;5.79455e-13;1.06654e-12;5.31541e-18;1.14981e-14;2.57409e-14;1.96231e-18;1.50602e-16;8.00154e-18;1.09379e-17;1.24063e-17;8.51149e-16;7.04608e-18;1.88434e-14;3.30051e-15;4.94066e-14;4.50108e-18;1.12489e-15;4.85779e-14;6.0886e-15;1.97399e-15;3.13692e-17;5.23494e-17;1.21402e-17;3.17914e-15;2.11578e-14;3.39999e-18;3.40756e-16;1.16873e-12;7.60969e-16;2.6735e-17;2.34789e-16;2.57201e-14;6.32216e-18;3.6383e-17;3.5139e-15;1.90375e-17;1.32961e-17;3.10028e-16;3.13721e-15;1.71944e-17;1.7911e-15;3.09221e-17;9.40431e-24;1.87276e-21;3.44438e-17;5.9235e-15;2.48282e-23;1.65346e-17;4.22335e-20;1.6125e-17;4.29639e-19;4.39694e-15;1.89011e-16;2.68731e-19;7.98403e-18;1.5789e-15;1.74103e-16;4.84655e-19;1.09044e-16;1.63319e-14;6.70076e-22;2.17518e-16;2.61887e-21;6.63469e-14;1.66243e-16;5.76904e-15;1.56165e-15;6.489e-19;1.12099e-14;5.18818e-12;2.21625e-14;2.82203e-19;9.4633e-17;5.78172e-15;7.38269e-20;1.21265e-16;2.14338e-15;5.14219e-19;1.17159e-16;2.44261e-15;1.47704e-14;2.62798e-16;3.34061e-15;1.32496e-11;7.61047e-15;9.70829e-11;1.05073e-10;4.21726e-11;4.39803e-07;1;7.85948e-10;3.82783e-14;8.35414e-13;7.06059e-21;2.08068e-17;1.83711e-13;3.40843e-19;1.53184e-15;2.47013e-15;5.67346e-18;2.1418e-16;1.73347e-15;7.12074e-15;6.15326e-17;1.04685e-15;1.51315e-13;3.94262e-13;1.06933e-15;6.38646e-17;1.36699e-15;9.59774e-22;5.25348e-14;9.2528e-14;5.53713e-16;1.66542e-16;5.60086e-15;6.80453e-14;6.49222e-17;5.9949e-16
6.95065e-11;2.15411e-14;2.22317e-15;1.3693e-14;1.05387e-11;8.06365e-13;4.75388e-09;2.66679e-14;2.16153e-15;2.14998e-14;8.64504e-14;1.97979e-11;1.73317e-18;1.83348e-13;5.33966e-14;5.61275e-12;1.34587e-12;7.12274e-13;1.59106e-16;2.83143e-14;1.93858e-12;2.24861e-14;3.8121e-14;3.43176e-13;2.08708e-12;1.84664e-12;1.45446e-15;7.99541e-14;1.05044e-15;1.43759e-16;6.49527e-16;8.44972e-14;7.0895e-14;2.82788e-08;1.31915e-21;7.9188e-13;2.57608e-15;4.70892e-15;3.07497e-14;4.04465e-14;2.72473e-14;5.00895e-16;7.3591e-18;4.12227e-15;1.36696e-12;4.83321e-14;5.67736e-11;1.8005e-13;4.89949e-15;1.29348e-14;8.17037e-16;1.62418e-13;1.95399e-11;6.36005e-21;6.53476e-17;6.35313e-15;2.7625e-14;2.78145e-13;1.44606e-14;4.80918e-13;3.47261e-12;7.77414e-12;8.43418e-12;4.35213e-17;1.98858e-13;1.01389e-12;4.86187e-14;9.09607e-14;4.90874e-14;5.28271e-14;2.67298e-14;2.53612e-12;1.53656e-12;5.18357e-14;2.29273e-19;5.86649e-14;1.98553e-14;2.35551e-13;5.83287e-13;1.92564e-12;2.03206e-13;4.51453e-14;8.81003e-15;1.24695e-14;1.74185e-12;2.47027e-12;6.74992e-11;3.22043e-20;1.73392e-13;1.28505e-14;1.94555e-13;2.89868e-14;1.30506e-14;3.80882e-11;1.2851e-11;5.47026e-14;1.72244e-17;1.47666e-13;3.20036e-14;2.51301e-14;3.93645e-16;2.06863e-15;1.00661e-12;1.77325e-13;5.11449e-11;7.85204e-19;9.14864e-13;1.69566e-14;1.31915e-14;5.27982e-13;6.74092e-15;4.17357e-12;3.29521e-12;2.75472e-14;1.1862e-14;2.19119e-13;5.0781e-14;1.72962e-10;1.40988e-19;1.74607e-15;5.42484e-13;5.12691e-14;7.70599e-14;2.7276e-14;2.05297e-17;4.26756e-16;3.14733e-11;1.51224e-11;6.76078e-12;2.13815e-21;5.05965e-13;8.13579e-15;2.95364e-13;6.18191e-14;3.12871e-13;9.00367e-13;1.2023e-13;7.31135e-15;4.18178e-14;6.18387e-14;7.59211e-10;4.14508e-13;1.61612e-17;1.40596e-13;3.81173e-14;2.90924e-13;3.59067e-12;2.29814e-14;4.02309e-13;7.79334e-15;4.1158e-15;9.03432e-12;2.10452e-12;3.77941e-12;4.25809e-17;6.29109e-13;1.19192e-14;3.15825e-14;2.87616e-13;1.85454e-14;7.27461e-15;1.17318e-14;1.84028e-13;4.16589e-12;2.47275e-13;5.40342e-20;7.53768e-16;1.98823e-13;5.39277e-15;5.63452e-14;5.48875e-13;5.33838e-14;3.44404e-14;1.33215e-11;4.50245e-13;8.48076e-13;4.00931e-18;5.80416e-13;2.42111e-13;1.35069e-14;1.05703e-14;2.1486e-15;3.23088e-15;8.19943e-13;2.80736e-14;2.96104e-12;4.70733e-18;1.75146e-14;1.7506e-14;3.2733e-14;1.07306e-12;2.16458e-13;4.12198e-15;2.51738e-14;2.98843e-12;1.755e-13;3.58087e-13;1.67319e-18;7.26038e-15;1.5623e-13;1.01457e-13;8.07497e-14;2.05412e-14;5.51814e-14;1.77046e-12;6.52269e-13;2.29824e-12;1.51721e-16;1.27847e-13;4.83734e-15;6.61329e-13;4.30429e-14;7.53204e-14;4.23031e-14;4.35256e-15;3.79378e-16;7.23349e-15;7.22885e-14;1.91698e-12;2.36972e-13;2.31216e-22;6.87903e-14;6.10144e-13;1.54296e-13;2.78606e-15;4.84298e-12;1.51128e-13;4.99368e-13;3.55209e-11;7.81994e-13;2.15208e-12;8.36679e-18;8.23062e-14;1.92962e-14;1.38532e-14;4.22969e-12;4.12613e-13;2.12179e-13;1.95933e-18;1.5662e-12;3.72567e-14;5.40521e-13;1.62411e-13;9.08345e-14;3.18673e-14;1.49729e-15;2.23002e-15;7.82465e-16;2.49283e-11;2.84909e-11;2.68804e-13;6.54922e-21;3.98127e-14;1.36067e-14;1.06704e-14;2.89833e-15;6.95237e-14;4.20296e-14;1.55218e-13;4.99418e-14;7.24118e-16;1.97989e-15;7.87249e-11;5.05247e-15;2.89498e-14;8.85617e-21;2.00506e-13;1.29528e-13;6.72982e-15;1.39449e-15;2.41301e-14;1.10881e-14;6.92212e-21;1.42232e-15;2.07033e-17;4.64596e-15;1.43524e-10;4.10295e-13;5.46708e-10;7.17038e-22;6.76552e-13;7.93148e-14;7.52541e-15;5.85685e-16;5.16396e-14;1.35957e-13;3.14481e-15;4.21952e-17;1.1082e-16;8.24435e-17;2.2984e-15;4.98591e-10;1.89057e-12;8.69077e-22;2.46841e-14;8.18137e-14;1.72319e-14;6.98012e-18;6.17981e-13;9.74359e-14;7.70965e-14;2.08782e-13;8.02055e-17;2.64918e-16;1.4954e-13;3.62917e-12;6.49032e-13;8.36457e-26;3.76896e-14;2.83015e-14;2.38675e-12;7.3177e-15;1.51106e-15;3.35103e-14;6.89365e-15;1.67731e-15;1.3827e-13;1.10339e-14;1.48041e-11;1.22037e-12;7.53095e-19;1.31141e-13;4.58073e-14;1.77619e-09;4.895e-10;1.09972e-09;0.999988;2.93334e-08;1.22577e-05;1.39047e-15;3.85509e-11;4.27105e-13;5.20472e-12;1.71209e-10;2.01332e-11;2.89003e-10;6.27845e-13;8.66775e-17;2.69997e-14;2.01133e-14;1.54972e-12;4.43544e-12;8.99458e-12;1.67816e-16;1.27949e-13;6.98644e-14;3.92822e-14;2.10016e-16;1.72951e-13
8.12834e-09;4.27847e-12;9.58314e-13;4.26855e-12;9.70163e-14;1.97262e-11;8.06941e-11;6.69142e-12;1.57141e-12;1.25535e-11;1.34033e-11;6.21317e-11;1.68799e-12;1.04166e-12;4.26848e-12;3.33762e-10;1.31711e-10;4.68142e-12;5.28548e-12;1.22312e-11;1.77179e-08;2.28563e-11;6.86165e-12;2.27225e-10;9.06035e-11;1.69663e-10;3.40665e-11;1;3.2372e-13;1.48804e-12;4.25983e-12;3.05462e-09;5.53832e-11;3.65461e-14;1.98517e-14;1.87093e-12;2.12812e-12;2.73775e-12;1.46074e-15;2.74943e-12;9.05225e-13;9.96183e-10;9.67164e-13;2.43199e-12;8.02239e-10;3.57054e-11;2.16018e-10;7.85854e-12;1.11672e-12;5.74039e-12;1.702e-12;1.44306e-11;9.3985e-12;6.53142e-13;1.34478e-14;7.46882e-12;2.89602e-12;1.73778e-12;3.92376e-12;6.67958e-12;1.30885e-10;1.41355e-10;5.68038e-12;7.41293e-13;5.80944e-12;1.65695e-11;3.51516e-11;1.04071e-12;2.60871e-12;2.07277e-11;7.0442e-12;1.70006e-12;2.13119e-10;1.03104e-13;8.92125e-14;2.66119e-12;1.3909e-11;2.07467e-12;2.45457e-11;1.29878e-11;2.65999e-11;2.32591e-11;6.52964e-11;7.18265e-11;2.94195e-14;2.32469e-09;3.47657e-10;6.58264e-13;5.79573e-12;6.73703e-12;4.06516e-12;6.68198e-12;3.60502e-12;7.20646e-10;1.34564e-11;2.45345e-14;5.80203e-13;7.60411e-12;9.4859e-13;7.671e-13;5.99446e-13;1.25358e-12;7.33416e-13;4.74813e-12;2.17484e-13;4.20076e-14;9.0346e-11;3.99705e-12;1.00124e-12;6.34059e-12;7.21316e-12;2.16562e-10;8.53305e-12;4.28556e-12;1.22829e-11;2.43734e-09;8.48267e-10;5.56316e-11;1.6602e-14;6.10256e-14;1.89035e-11;1.83136e-11;5.72007e-12;9.48814e-13;7.66478e-12;3.53134e-12;1.51369e-13;2.83038e-12;2.1153e-14;1.27239e-12;4.35168e-12;3.32263e-12;3.61058e-11;2.7479e-13;4.28338e-11;1.87861e-12;1.15341e-12;3.15107e-12;1.75433e-12;1.05425e-12;3.56979e-10;1.99185e-13;4.58078e-12;1.02302e-12;2.24719e-13;2.44413e-12;3.01929e-10;2.16973e-11;1.96134e-12;2.55108e-11;4.10916e-12;3.67513e-11;9.10012e-12;2.97644e-14;8.91954e-13;3.00562e-12;1.20097e-13;1.11245e-12;3.2142e-12;4.94417e-13;6.13872e-12;1.42551e-12;4.47923e-12;9.78609e-12;7.78937e-13;4.18759e-15;1.6214e-14;7.85326e-13;7.67747e-13;1.53405e-11;1.21926e-11;1.41461e-11;3.73465e-11;2.84609e-11;3.29353e-13;9.39493e-14;2.47673e-12;2.30953e-11;8.79633e-12;1.68627e-11;2.66037e-12;1.70883e-12;1.49817e-11;4.90185e-11;2.32493e-12;9.15605e-11;1.26274e-09;6.03973e-11;2.14102e-11;5.87073e-11;2.89682e-11;6.93296e-12;2.39186e-11;1.36494e-11;4.4731e-11;1.76757e-11;5.84821e-12;4.08903e-12;1.18746e-12;3.78365e-12;7.35516e-12;7.91627e-13;8.36816e-12;1.19156e-11;1.38303e-10;1.54391e-09;2.11671e-11;4.91973e-12;4.43988e-12;1.54873e-11;1.74236e-12;1.73058e-11;9.65768e-12;5.6958e-12;1.34344e-12;1.43501e-11;9.18606e-12;5.36322e-10;2.57465e-14;1.23973e-13;2.69764e-15;3.08316e-12;4.21242e-11;2.11373e-12;6.5118e-13;2.73401e-12;1.43166e-11;2.45539e-11;1.05062e-12;3.27233e-12;1.80834e-10;3.83443e-13;2.81757e-13;1.44457e-12;1.48383e-12;2.68048e-14;1.5549e-12;1.09696e-11;6.59812e-14;1.19896e-12;1.03703e-11;1.15025e-11;6.32938e-12;1.73214e-12;6.01093e-12;2.12973e-13;8.87452e-11;4.05999e-13;4.01537e-12;1.42079e-09;3.12953e-13;1.21144e-14;3.35435e-12;3.79917e-12;7.53901e-12;5.78181e-13;1.04174e-12;4.26472e-13;1.15946e-11;1.59941e-12;2.15536e-12;3.99691e-12;2.20952e-09;2.28828e-11;9.08931e-12;2.77481e-14;8.75405e-12;9.49316e-12;4.01966e-12;2.1539e-11;7.7328e-11;8.00341e-12;2.23878e-10;1.29777e-13;1.20161e-13;1.96626e-12;1.8851e-12;1.72943e-14;7.17722e-08;1.20977e-11;1.0529e-11;1.87016e-10;1.36147e-11;1.61249e-15;8.79085e-13;9.23708e-12;1.12241e-11;1.12448e-13;2.10448e-12;4.92979e-12;1.97577e-11;2.29881e-12;2.52281e-13;1.80174e-15;4.20676e-12;2.62499e-12;2.39321e-11;2.29769e-14;1.13733e-11;6.79595e-13;2.65272e-12;4.47158e-11;3.71084e-11;2.79183e-11;3.3785e-11;1.09586e-09;2.47737e-14;3.97255e-18;6.32164e-13;1.95845e-12;6.45247e-13;4.62211e-13;2.58828e-14;1.31422e-11;7.35709e-13;9.7212e-12;1.07479e-11;2.85884e-11;2.8346e-09;1.68934e-12;3.32974e-11;1.61685e-11;1.99337e-10;2.34363e-12;1.84192e-10;5.72724e-11;1.14924e-11;2.50869e-09;3.02058e-11;2.34352e-15;1.12506e-11;2.15351e-11;3.69724e-11;2.68716e-11;3.83979e-12;1.38461e-12;2.98911e-09;7.07036e-13;3.98492e-12;1.04047e-11;3.14912e-12;6.37893e-09;2.04957e-10;5.41631e-12;3.43132e-11;4.51721e-11;9.87206e-13;2.70279e-14;2.08324e-12
5.9712e-17;3.03955e-16;9.24494e-15;2.33537e-17;1.24349e-15;3.71357e-17;1.68149e-16;1.39102e-16;1.83248e-17;4.37335e-17;1.50744e-19;9.55354e-19;6.53123e-17;1.83387e-17;1.10925e-16;8.99669e-16;2.30309e-14;6.67485e-17;5.7558e-15;7.42188e-16;9.30008e-15;4.53647e-17;3.36877e-17;2.54776e-16;9.08681e-18;4.41864e-12;1.38763e-15;3.05412e-15;8.31069e-19;6.04557e-17;4.99089e-17;3.11983e-19;5.20807e-20;2.51642e-20;4.08061e-12;7.98906e-17;1.51974e-16;2.19415e-16;4.38805e-17;3.58261e-17;2.63365e-18;1.64533e-16;7.14498e-18;4.66582e-17;1.92392e-15;2.42295e-18;1.13146e-16;1.55994e-18;4.46772e-17;4.35587e-14;7.38311e-24;3.74051e-20;2.41179e-16;1.9374e-18;5.69419e-16;2.10212e-14;1.00951e-14;9.5521e-18;1.84279e-16;1.83284e-17;1.48354e-19;2.60927e-18;7.61864e-18;4.4155e-14;3.84688e-17;2.41288e-15;4.83947e-16;4.16699e-17;6.28661e-18;4.39858e-16;7.44519e-16;2.80772e-20;1.22576e-17;1.48334e-13;2.70096e-15;3.66626e-18;1.20109e-16;1.31268e-17;3.63088e-16;2.77062e-15;1.07087e-16;2.57765e-17;1.46429e-15;1.14272e-16;3.53756e-21;9.89432e-17;3.44617e-12;3.10423e-14;9.02132e-17;4.45695e-16;3.41168e-18;2.75552e-15;1.58678e-15;7.42414e-19;8.24441e-20;6.12579e-14;2.36431e-13;4.89335e-18;1.74394e-16;3.05197e-19;3.15933e-16;1.02111e-16;1.98637e-18;2.50291e-20;2.62294e-16;4.79734e-15;1.91281e-17;1.00367e-15;9.61571e-17;9.87526e-16;1.84143e-17;9.6014e-15;1.03646e-17;1.32634e-17;6.75285e-17;3.37098e-17;3.66864e-17;2.53146e-17;5.0435e-14;5.80513e-18;1.24087e-16;2.78238e-17;3.33414e-16;9.10224e-21;1.23936e-15;3.06267e-17;1.83624e-24;1.71403e-23;1.67372e-17;1.46856e-16;1.34928e-18;1.61867e-16;2.47587e-14;7.61611e-20;3.63192e-19;2.83758e-16;7.02359e-18;2.88619e-16;1.02041e-15;1.0449e-17;5.04421e-18;6.64595e-14;7.64655e-16;6.44641e-17;1.68549e-15;1.84329e-17;4.5998e-13;3.54642e-15;2.63988e-18;3.35318e-17;4.47223e-17;1.61837e-20;3.43836e-20;4.38307e-14;5.66403e-14;7.85111e-18;2.08307e-16;8.287e-18;5.03637e-15;2.06202e-17;1.42153e-16;3.43908e-16;7.44911e-21;2.18283e-17;1.25841e-15;1.19462e-13;1.24996e-17;6.11654e-17;1.79404e-16;3.91216e-16;2.43506e-17;5.71826e-16;1.63765e-15;2.4315e-18;1.80039e-18;3.48084e-15;1.27314e-11;5.50414e-16;1.80877e-16;1.67826e-14;2.2467e-17;5.10458e-16;1.70112e-15;3.49824e-17;1.54953e-19;7.21291e-12;9.78457e-12;1.81531e-14;4.4474e-17;6.64085e-15;3.01479e-16;3.02094e-17;2.35962e-16;1.96158e-16;8.82818e-18;1.78228e-18;4.83291e-12;9.18452e-14;1.04212e-11;5.74437e-16;8.03719e-16;1.34556e-18;4.80516e-16;2.59436e-16;1.94368e-17;2.70734e-16;1.16293e-14;1.67972e-14;5.18758e-17;7.03253e-16;1.32885e-17;3.08372e-15;2.84857e-15;5.66679e-16;9.13229e-20;8.69812e-16;2.62253e-16;1.63343e-17;4.67303e-20;2.17753e-16;1.36038e-14;7.38612e-18;6.80396e-17;1.26354e-17;3.5988e-17;3.19073e-17;4.49769e-15;3.72173e-16;1.10695e-18;9.95613e-16;6.81705e-15;4.84654e-12;1.40053e-18;1.19505e-17;3.5271e-16;3.19838e-19;4.06603e-18;2.02711e-14;1.83222e-14;2.71637e-17;1.61817e-14;8.91007e-18;3.48704e-17;9.44289e-18;8.62854e-17;5.78515e-19;1.62197e-16;4.07979e-16;3.47319e-21;1.55617e-16;4.75766e-14;3.66203e-17;3.0441e-17;5.26309e-16;6.04782e-17;4.42031e-17;2.65922e-17;1.22929e-17;2.58571e-17;6.45008e-19;5.76912e-17;3.95551e-16;5.69083e-22;5.62102e-16;1.15782e-16;2.85643e-16;1.15076e-18;1.30314e-16;4.36525e-17;1.8235e-17;2.34357e-17;6.60362e-17;0.999972;1.83817e-17;4.81184e-13;1.39651e-13;2.16257e-16;5.39589e-16;4.37231e-09;2.81769e-05;2.12639e-14;1.7637e-10;1.64004e-12;2.59431e-12;2.73889e-15;4.35258e-12;1.21402e-16;4.71171e-20;1.31421e-16;1.16678e-16;3.81581e-20;1.46826e-19;7.35809e-16;1.53068e-18;1.48699e-17;1.42797e-16;2.39868e-15;2.53309e-19;8.71054e-17;1.23876e-15;2.98766e-17;8.72438e-17;1.89373e-14;7.30774e-15;9.68517e-22;2.3189e-20;5.66169e-16;8.4121e-16;1.33151e-17;7.85143e-16;5.98139e-18;7.14756e-21;1.04865e-17;6.80042e-16;6.53023e-18;4.83137e-14;1.59691e-16;2.2399e-20;4.05015e-16;9.60916e-19;3.27865e-14;1.76584e-17;1.26873e-13;2.64024e-19;4.47311e-18;3.47191e-17;1.62089e-17;7.43569e-17;7.55023e-15;1.21081e-15;8.37012e-18;1.98781e-16;6.49807e-16;2.11497e-16;4.15333e-18;2.91483e-18;7.71988e-18;5.70286e-21;6.33036e-19;8.09068e-17;1.57745e-20;2.19762e-20;7.12621e-17;7.61228e-18;4.5807e-18;1.53219e-16;2.58028e-17;5.75754e-17;2.16084e-18
8.34059e-19;1.51045e-18;3.77163e-15;6.79249e-17;4.34649e-14;2.19232e-15;7.21104e-15;2.60731e-13;2.23499e-16;4.63647e-15;3.84329e-13;3.7097e-15;5.76306e-17;1.33982e-15;4.67795e-15;5.51641e-17;1.07414e-17;4.31374e-16;4.92893e-16;1.60309e-15;8.13877e-14;3.78478e-17;1.15281e-15;3.9945e-14;7.65866e-16;3.59603e-14;1.2418e-16;5.02429e-16;2.62449e-19;2.49525e-17;3.94158e-17;2.27465e-13;8.71524e-15;2.38133e-14;1.95032e-18;2.89465e-16;1.50611e-15;9.6124e-16;9.87541e-15;2.93028e-13;1.71833e-14;6.36789e-18;4.65165e-12;1.66624e-17;1.62945e-16;1.22991e-15;4.34506e-15;2.90884e-18;2.80483e-16;1.67012e-18;2.0909e-20;9.45043e-19;1.26375e-17;1.40323e-18;2.23867e-13;4.15103e-15;2.11405e-14;1.11194e-16;1.49563e-15;1.2156e-14;1.05863e-14;3.04838e-17;1.50744e-15;2.6289e-15;4.01787e-17;1.61746e-12;3.33343e-12;2.04222e-13;6.73211e-18;3.48625e-16;3.45878e-17;2.94227e-16;3.29204e-15;1.61832e-12;1.05391e-17;3.60753e-17;4.89831e-16;2.62607e-15;5.54983e-15;5.2876e-14;5.5716e-16;1.62904e-15;1.70776e-14;2.97219e-15;2.47011e-11;1.18954e-15;1.14226e-15;2.35266e-14;3.20157e-14;1.0982e-15;1.6957e-16;1.26617e-16;5.6103e-17;1.25192e-13;7.67457e-15;2.71207e-16;5.73307e-17;4.16887e-16;1.0866e-15;7.60672e-22;1.2756e-18;1.06771e-16;3.57737e-18;2.26649e-16;9.47872e-17;4.47213e-19;8.26813e-16;8.44023e-16;6.94817e-16;4.03224e-12;8.72203e-12;3.56894e-13;3.47043e-16;2.98601e-16;4.90116e-16;7.68095e-20;5.57302e-18;1.67973e-14;3.10013e-15;1.40031e-13;3.43389e-13;2.40669e-12;3.19352e-12;8.40594e-23;2.43636e-19;1.75148e-20;8.62482e-23;4.94156e-19;6.52182e-17;6.60968e-20;1.25263e-15;5.51185e-15;5.10212e-16;5.26326e-11;3.22632e-11;7.05178e-12;1.23125e-17;1.25531e-15;4.55194e-16;7.10203e-17;7.34334e-16;5.91884e-15;1.8224e-16;2.27911e-15;2.37949e-12;2.71868e-12;5.76457e-13;2.53643e-15;8.30971e-18;2.04767e-18;2.49456e-18;8.43901e-20;5.40608e-21;3.38771e-14;2.32327e-17;1.47373e-16;7.42859e-11;2.38919e-12;6.00897e-12;8.21907e-17;1.09138e-15;1.19359e-14;5.4925e-16;3.90999e-16;2.13077e-15;4.37981e-16;2.25467e-10;3.96106e-10;8.8257e-13;1.20765e-14;1.46162e-15;2.56144e-15;1.02024e-16;2.64497e-18;1.82413e-15;1.59336e-14;8.00157e-16;9.38314e-11;1.37698e-11;1.30229e-10;6.19971e-18;1.12879e-15;5.99565e-17;2.25067e-17;1.16548e-16;9.58717e-16;1.40657e-18;4.8609e-14;3.34162e-11;2.11057e-13;9.81699e-15;2.77404e-17;1.3353e-15;2.68204e-16;2.23209e-18;5.30841e-15;1.46466e-15;2.71792e-16;9.43098e-12;1.74647e-10;3.71897e-13;1.84057e-16;1.89838e-15;6.15027e-16;1.01127e-16;4.85998e-16;4.83042e-14;7.16268e-15;9.56495e-16;8.80046e-16;3.35684e-11;1.05882e-12;7.3191e-12;8.41005e-16;1.73862e-18;5.12718e-16;1.33657e-16;6.66386e-17;8.56652e-15;1.30947e-14;1.17417e-16;9.41877e-17;2.15022e-15;8.37068e-16;3.549e-15;1.55211e-16;4.55082e-16;2.23711e-16;7.34394e-13;1.24045e-16;1.42376e-15;2.58627e-16;4.81503e-18;1.17833e-15;5.56463e-15;1.69055e-16;6.47576e-15;2.70944e-14;2.71964e-19;9.33918e-16;5.11352e-16;1.51727e-16;4.19598e-16;1.83004e-15;6.2591e-15;9.68004e-18;1.59136e-16;2.66123e-16;3.58977e-12;3.33878e-17;3.08928e-11;1.61653e-15;3.14384e-16;4.07255e-14;1.79519e-15;1.04427e-12;2.71239e-15;2.84865e-12;1.45455e-13;4.68946e-16;2.70714e-14;1.95595e-14;1.27321e-16;1.71515e-15;1.47146e-14;3.73586e-18;4.79453e-17;1.80304e-15;3.20693e-15;9.32751e-16;4.7352e-15;2.82703e-15;1.35249e-12;1.58153e-16;1.78098e-14;5.07165e-15;6.67753e-12;1.03452e-12;1.27942e-11;1.82129e-07;2.08115e-13;1.12334e-12;6.65093e-12;1;1.42676e-09;8.5285e-09;1.05095e-11;2.09728e-18;4.36885e-18;8.57837e-18;8.13188e-14;7.28321e-16;4.30079e-15;2.74666e-21;2.771e-14;1.52048e-14;1.94938e-15;4.52508e-13;1.75555e-14;4.09003e-13;2.36156e-15;1.03758e-18;8.77604e-19;2.42459e-17;9.17104e-20;1.31083e-16;3.77488e-17;1.04769e-16;7.73688e-17;6.53402e-16;1.00465e-08;1.66324e-12;7.52423e-12;8.14391e-15;8.23482e-16;6.63669e-15;3.82383e-14;2.12013e-17;1.50692e-14;1.51297e-14;5.43224e-18;1.07436e-15;5.34705e-15;1.46923e-16;1.60185e-16;3.57018e-15;1.318e-14;1.90705e-15;1.71325e-14;7.01411e-16;1.55447e-16;7.64461e-17;2.94559e-16;1.27017e-16;8.28791e-16;2.25956e-14;3.24882e-16;4.81112e-23;5.81857e-17;3.09683e-17;1.35685e-15;5.72908e-17;1.26758e-15;2.61696e-14;6.40772e-18;1.30958e-16;2.14452e-15;5.96969e-15;7.10365e-16
7.25596e-14;7.45845e-13;1.44572e-13;3.51995e-14;1.09572e-12;2.09068e-12;3.60262e-12;1.57045e-09;1.44199e-12;1.66374e-13;2.61221e-14;1.65854e-16;3.3245e-14;2.30012e-13;5.62136e-13;6.74879e-14;2.05221e-13;6.22662e-13;1.48265e-11;2.68375e-12;2.55439e-13;1.77916e-14;2.12125e-13;1.57808e-12;2.2007e-13;1.24173e-08;2.6155e-12;3.17821e-13;3.27432e-17;5.07924e-14;1.1116e-14;1.63357e-14;2.37413e-13;1.62992e-08;2.60988e-17;2.13076e-14;5.01443e-14;6.28328e-14;2.0037e-16;2.6634e-16;5.04804e-13;7.09715e-12;1.08417e-10;6.80542e-13;4.79349e-15;3.53641e-12;3.88585e-13;3.28523e-15;1.13153e-13;2.0378e-15;5.65331e-15;1.95916e-13;1.91028e-11;3.72138e-12;1.01044e-14;1.13995e-12;5.55706e-12;1.73155e-14;7.78899e-14;4.2235e-13;1.96845e-14;6.59761e-13;2.90287e-12;2.41814e-13;3.12648e-14;2.61356e-13;1.39646e-13;1.27224e-11;3.12298e-16;7.97278e-15;1.4864e-15;2.0053e-15;2.96225e-15;3.22864e-15;3.29156e-16;4.60378e-15;1.35069e-14;2.45704e-14;8.64763e-15;4.26411e-12;2.64272e-14;3.6048e-15;6.41835e-14;1.12919e-13;4.4644e-16;2.62567e-15;2.32647e-14;1.05825e-12;8.02749e-13;1.87198e-13;1.29147e-13;1.10804e-13;5.09448e-14;5.01468e-12;1.07789e-13;8.00917e-09;2.62816e-14;1.77064e-13;2.06194e-14;3.23709e-16;8.6432e-14;3.81326e-16;1.17489e-14;1.49199e-12;2.0623e-12;3.92407e-14;2.70142e-13;1.03359e-13;1.94526e-14;6.74383e-15;2.43648e-15;6.78374e-12;1.5613e-14;1.79194e-13;4.93271e-13;1.16222e-15;3.78396e-12;2.28842e-09;6.28883e-13;3.82477e-14;2.16994e-13;1.60082e-13;1.9143e-13;6.26475e-17;3.35236e-16;1.64779e-15;3.42663e-19;7.52667e-15;9.70911e-13;2.97915e-17;2.26576e-14;2.92863e-14;2.45431e-13;1.01038e-14;3.72349e-12;5.27609e-12;5.29793e-15;8.30152e-15;6.04507e-14;6.18786e-16;9.28918e-15;6.73601e-12;8.34022e-13;1.90762e-14;7.04517e-15;4.41062e-15;1.15246e-12;8.55111e-15;8.16902e-16;2.00675e-14;3.03288e-15;8.21328e-16;1.42092e-15;7.51767e-13;7.34134e-15;2.75185e-14;1.12908e-12;1.93914e-13;7.3234e-12;1.62024e-13;6.37239e-14;6.14873e-13;1.00554e-13;2.99794e-15;8.56763e-10;1.28241e-12;9.9779e-11;1.53103e-12;2.21247e-12;3.22588e-13;8.47425e-14;1.41046e-13;1.56561e-14;3.80169e-17;3.74823e-14;3.77241e-10;4.43833e-16;3.92131e-15;4.97326e-14;1.98871e-12;6.61415e-15;4.48471e-14;7.24153e-15;7.70355e-15;7.11134e-15;1.71986e-11;2.09562e-13;4.00668e-13;2.45535e-13;5.18429e-14;1.93901e-13;8.46726e-14;2.97424e-12;1.45306e-11;3.26273e-15;8.44815e-13;9.74377e-12;5.48553e-14;2.23682e-12;1.2461e-12;4.82564e-12;8.20465e-15;6.85321e-14;4.36996e-15;1.66863e-15;1.6467e-15;4.61835e-12;3.37718e-14;7.35037e-15;8.85915e-14;5.26362e-14;8.64842e-14;2.09143e-13;1.24388e-14;8.97685e-17;2.3318e-15;1.00425e-13;4.14088e-16;8.99389e-16;2.38443e-13;2.80471e-14;8.92127e-15;4.70756e-15;1.98848e-14;5.04995e-13;7.21367e-14;1.03809e-11;8.76565e-13;7.04026e-11;9.99432e-12;4.21266e-10;1.61946e-10;1.37441e-15;9.41746e-13;3.77193e-13;1.09213e-16;4.45538e-13;1.49978e-10;2.16417e-16;1.7653e-15;4.32637e-15;4.28951e-12;1.09998e-13;8.961e-12;5.05047e-12;3.31669e-15;5.64427e-14;4.90472e-13;9.92172e-12;1.61446e-15;3.70022e-10;2.41932e-12;9.0815e-15;1.95335e-12;3.04057e-13;8.09725e-14;8.46937e-13;8.74734e-10;7.78299e-13;2.50957e-13;2.51698e-13;9.1412e-12;8.95772e-16;7.07078e-15;1.66557e-13;1.9696e-13;2.83407e-15;1.18414e-13;2.4138e-13;1.83833e-14;3.56263e-14;1.68722e-11;3.69726e-20;8.33573e-19;1.32064e-15;2.87132e-17;6.74767e-16;1.29765e-15;5.68672e-18;2.21545e-17;1.3948e-14;1.10605e-13;1.66883e-12;8.61512e-11;3.38593e-15;6.24852e-13;2.76543e-13;6.19412e-18;5.2263e-16;2.18751e-15;5.61594e-17;2.44673e-15;1.68577e-19;4.87255e-11;6.97241e-14;1.33987e-13;2.52658e-13;1.47221e-14;2.9629e-14;2.60406e-11;2.19478e-13;3.9726e-16;1.37066e-14;2.75551e-16;4.49105e-17;1.52617e-14;5.22694e-14;1.80024e-15;3.80231e-14;7.02472e-14;3.20225e-11;8.44578e-16;2.44468e-11;8.69831e-09;2.33819e-12;8.69298e-08;4.71468e-10;1.0009e-09;0.999673;0.0003266;5.86969e-09;8.74695e-10;2.66522e-10;4.71927e-18;4.64398e-14;2.89938e-12;1.16623e-15;1.71452e-14;1.39789e-09;6.18251e-15;2.80048e-14;2.53553e-14;3.43688e-14;1.38601e-14;1.98457e-13;4.70338e-11;3.94852e-10;7.8011e-17;6.40789e-14;1.29525e-13;7.66042e-16;1.11619e-14;2.52886e-11;7.4073e-08;1.68712e-13;3.33894e-13;4.51734e-13;1.85509e-13;1.61812e-14
9.31267e-09;7.07006e-11;1.4915e-12;2.70847e-12;6.63425e-12;1.98102e-12;4.19971e-10;1.58893e-10;8.64397e-12;9.00417e-12;1.01666e-08;4.00116e-11;1.15565e-11;4.88781e-12;4.77932e-13;2.54242e-11;6.49001e-10;5.53572e-12;1.32618e-12;8.7664e-13;1.21528e-11;8.05446e-12;3.65861e-12;2.23664e-10;9.08832e-11;1.91361e-09;1.48753e-10;1.22437e-11;4.1036e-13;2.82129e-13;2.85227e-11;1.66135e-14;1.9708e-12;1.99504e-09;9.66315e-15;4.17513e-13;6.6407e-13;4.79451e-13;8.70447e-15;2.20179e-13;1.28591e-12;4.20968e-11;4.36631e-12;7.53676e-11;1.447e-13;2.26287e-12;3.88346e-11;1.04961e-11;2.06198e-10;1.92599e-11;4.62481e-11;6.15868e-13;4.06925e-09;1.27391e-11;1.65621e-16;7.82708e-12;2.22334e-12;5.18962e-12;6.54589e-13;4.07132e-12;4.36279e-11;1.44846e-11;2.66637e-10;3.4234e-13;3.87416e-13;1.00553e-12;2.5183e-12;5.82555e-12;1.32834e-12;4.26582e-12;1.89784e-12;4.47121e-13;5.37617e-12;1.0964e-11;9.83777e-17;1.56621e-12;7.5601e-13;2.93287e-12;1.01199e-12;2.76982e-11;6.5632e-12;1.82108e-13;6.36645e-13;2.75471e-12;2.14745e-11;3.44549e-10;4.82098e-10;6.38268e-18;6.05293e-12;1.15983e-12;3.94362e-12;3.07986e-12;7.06094e-13;5.278e-11;3.6035e-12;1.51413e-12;1.611e-14;5.77605e-12;1.16734e-12;2.12951e-13;6.55156e-12;7.32802e-12;6.24525e-15;1.67616e-09;5.66309e-09;7.42607e-14;3.21371e-12;8.67085e-13;3.49675e-12;3.80898e-13;1.2631e-13;5.37578e-12;1.0759e-12;4.02536e-12;3.23831e-11;9.71844e-12;8.3133e-11;1.23486e-08;1.32031e-14;1.04942e-12;3.44965e-12;5.96262e-12;3.36623e-12;7.34987e-14;4.24694e-14;1.71513e-12;1.2605e-11;1.38183e-12;3.00171e-11;7.38051e-16;1.48357e-12;2.59585e-11;1.32916e-12;8.38823e-14;5.85069e-13;2.09274e-14;4.5117e-13;1.69646e-12;2.66613e-12;6.61804e-13;1.75843e-11;1.69059e-12;7.22577e-14;8.67657e-13;3.2847e-11;1.32839e-12;2.05101e-11;4.22067e-12;1.97723e-12;6.65311e-12;3.26234e-12;5.87871e-12;1.33826e-11;1.49392e-09;1.44527e-14;1.14124e-12;4.56155e-12;9.08096e-13;3.48374e-11;1.50976e-12;8.478e-13;2.90311e-12;2.41049e-08;6.55569e-11;1.57317e-10;3.60547e-15;2.24748e-13;2.45338e-12;7.43875e-13;8.82388e-12;6.91047e-12;3.93063e-12;3.62682e-12;2.89113e-11;4.37285e-11;5.16341e-10;1.3871e-12;2.87774e-14;1.40381e-12;1.79686e-11;1.7277e-13;4.67396e-13;2.4904e-12;1.08556e-12;6.32619e-14;6.28528e-12;5.49331e-15;2.03974e-12;7.33731e-13;6.09135e-13;2.70193e-10;5.84024e-12;1.7481e-12;3.65945e-11;1.12929e-13;1.91914e-11;3.07468e-11;1.47204e-13;2.37723e-13;1.7208e-12;4.51157e-12;9.89156e-13;4.09621e-12;2.1723e-12;2.39889e-12;6.10148e-11;3.05653e-11;1.80117e-13;8.44466e-13;9.19227e-13;1.49271e-13;6.12532e-12;7.42068e-13;1.97675e-11;6.05307e-14;1.50914e-13;2.17586e-12;1.79866e-14;2.10439e-12;1.91444e-11;2.59294e-15;2.21148e-12;2.12686e-11;2.66344e-12;1.16137e-12;7.30181e-12;4.09046e-11;3.07071e-11;5.1309e-10;1.36783e-09;2.46811e-11;6.18635e-14;7.74184e-13;1.43567e-13;2.27803e-13;3.78533e-13;3.16425e-12;1.04201e-09;3.18842e-14;2.39031e-13;1.35705e-12;2.17435e-11;6.53542e-12;1.19209e-12;2.5054e-11;3.13735e-13;1.86336e-12;2.18957e-12;8.48464e-10;3.14616e-12;7.48833e-10;4.92731e-14;1.28298e-12;8.67801e-12;3.17064e-13;7.19033e-13;1.81022e-12;9.22525e-12;7.96404e-12;2.14568e-13;3.42344e-13;1.87113e-12;1.49221e-11;3.22604e-13;2.47134e-12;2.73363e-15;1.71867e-12;1.09413e-12;9.29792e-13;1.26641e-13;4.97072e-13;5.32253e-13;6.88272e-14;1.61561e-14;4.87316e-14;5.83584e-13;9.19469e-11;1.49237e-12;9.9727e-13;1.8237e-17;9.39151e-13;1.25908e-12;1.87083e-13;2.47817e-16;4.81752e-12;6.63786e-13;1.43122e-12;2.65714e-17;2.40749e-13;4.68924e-14;2.27039e-13;2.32288e-10;4.48517e-13;8.12903e-15;1.18955e-13;1.47185e-13;3.49398e-13;1.80158e-12;2.21355e-12;7.6448e-14;9.02831e-12;4.59244e-11;6.04318e-13;1.83162e-12;8.53497e-13;1.28412e-11;4.2202e-12;3.42231e-19;1.21078e-12;2.61037e-12;8.82788e-12;2.66074e-13;5.24727e-11;3.41404e-12;1.65291e-13;1.6707e-12;5.88972e-12;4.16477e-11;2.04101e-09;1.70763e-13;1.73122e-15;7.1275e-13;2.54976e-12;5.99682e-18;3.94163e-12;1.05766e-10;3.93273e-11;9.61462e-10;1.70237e-07;1.30991e-16;2.65131e-12;1.01703e-12;4.7849e-12;5.30682e-13;2.5759e-12;5.23627e-11;4.42537e-10;2.80826e-07;1.22763e-09;6.81374e-10;0.999982;4.92354e-06;7.54288e-07;1.11662e-05;3.83004e-09;9.08701e-09;4.52869e-10;1.24423e-09;2.66551e-07
1.56244e-08;1.09203e-14;3.04397e-09;1.16463e-12;5.7486e-12;1.99946e-12;6.30457e-13;1.26679e-09;2.13215e-12;8.4002e-12;1.09487e-14;9.57439e-14;1.10098e-09;1.20025e-12;4.02099e-11;7.85312e-09;6.70986e-10;2.30616e-11;6.03366e-08;1.58164e-11;1.69472e-13;2.67557e-12;1.00631e-11;2.80671e-11;7.01537e-12;1.68814e-11;5.14285e-11;2.97245e-12;1.20675e-13;2.78725e-09;3.99242e-11;5.31587e-13;2.8393e-13;4.41659e-11;2.33283e-08;1.12921e-11;2.17133e-11;4.58505e-12;6.65875e-14;6.94464e-11;2.08353e-13;1.13299e-11;2.43302e-13;2.06071e-11;1.27072e-11;1.05836e-10;8.38361e-12;6.07367e-13;1.45343e-11;5.94098e-13;1.13462e-16;2.19152e-14;2.42676e-11;1.65311e-10;1.52216e-10;4.73468e-10;6.51766e-11;1.62012e-12;2.63677e-12;2.36385e-11;4.09063e-12;6.8754e-11;1.95235e-10;2.00111e-11;7.33423e-12;4.10945e-10;9.67238e-11;2.08285e-11;7.11901e-14;2.34519e-10;4.18741e-10;1.31949e-12;6.80407e-14;5.38979e-11;4.99615e-09;9.51966e-12;2.09972e-11;1.18524e-11;2.20312e-11;4.15228e-10;6.52548e-11;1.12659e-14;4.06695e-12;7.93166e-12;7.76675e-16;1.56529e-13;1.04018e-10;1.33666e-09;2.4554e-11;6.48969e-12;1.19579e-12;1.69293e-10;1.1849e-11;7.78199e-14;2.45543e-15;1.28365e-12;3.35274e-09;2.07699e-11;4.55174e-11;3.4973e-15;2.68285e-10;8.85448e-12;8.88757e-14;2.89363e-14;3.74904e-12;3.76654e-11;2.905e-12;1.22429e-10;7.83508e-12;1.06247e-11;1.06543e-12;2.1038e-12;1.24616e-10;4.96342e-11;4.42126e-10;1.9052e-16;7.68397e-13;3.07713e-11;6.47461e-11;3.66423e-10;7.08774e-13;3.46843e-13;1.3318e-10;1.36615e-15;1.09947e-10;8.71117e-11;1.30114e-14;5.43533e-16;1.54256e-10;1.41166e-08;2.39535e-10;3.0127e-09;3.37241e-10;1.48405e-10;6.24359e-11;6.44204e-10;3.24037e-12;2.27586e-11;1.05413e-09;5.49063e-13;9.17156e-12;4.12488e-10;3.54704e-10;6.22208e-10;1.26995e-11;1.16795e-10;3.05103e-10;0.000244489;1.18827e-09;1.737e-07;2.30105e-07;0.000220292;1.727e-06;3.97272e-07;0.998264;3.8464e-10;0.00124459;4.27737e-09;2.12241e-05;9.03806e-12;3.8167e-11;5.39971e-10;9.89552e-12;9.07495e-11;4.53919e-10;6.12752e-08;1.04084e-10;2.64005e-11;5.12133e-10;7.03123e-11;1.85191e-12;1.18476e-11;3.21234e-11;2.6916e-14;4.56564e-12;2.04321e-12;6.39845e-12;1.18435e-13;5.86359e-13;1.03245e-11;1.27286e-13;1.99595e-10;3.55639e-13;1.15758e-13;3.86967e-13;4.41431e-10;1.64328e-10;2.40125e-11;7.80149e-12;3.44468e-11;2.36564e-10;9.23471e-13;6.4324e-10;4.75141e-10;7.8506e-12;7.0313e-12;3.52934e-10;1.98642e-06;9.21499e-11;5.14426e-12;4.029e-11;9.4919e-12;2.2503e-09;1.16555e-09;1.41523e-10;2.50892e-09;1.23337e-09;1.17612e-07;1.93366e-11;1.3372e-10;3.45054e-11;8.65578e-11;1.18525e-10;2.43589e-11;2.55225e-14;3.19116e-10;1.86152e-11;1.96702e-16;6.98214e-13;1.45718e-12;6.45466e-09;1.21597e-12;1.25876e-10;1.59052e-12;6.71177e-11;1.86331e-11;2.18934e-11;2.406e-12;1.30414e-12;4.64811e-12;6.53177e-13;5.38436e-10;1.83647e-13;2.21228e-12;1.17171e-12;3.48639e-15;1.48915e-13;2.36882e-13;6.6043e-10;1.23845e-11;2.27808e-10;1.11267e-11;4.38317e-12;4.82267e-12;7.57704e-12;7.97057e-15;7.09466e-11;5.53923e-12;1.49816e-18;1.03441e-12;1.13284e-11;1.15456e-10;1.20759e-12;6.08879e-11;7.11233e-12;3.72042e-13;3.92108e-12;7.53608e-12;1.02124e-11;4.93383e-14;1.67272e-12;2.05248e-11;4.17827e-14;1.27625e-12;2.3539e-15;5.13481e-10;6.06289e-13;1.62992e-10;8.90623e-10;4.33591e-14;2.11816e-12;5.48514e-13;9.12926e-17;5.05317e-15;1.73064e-09;3.52447e-12;2.98381e-13;1.6549e-14;6.24341e-13;2.88718e-10;1.99192e-12;5.34951e-10;6.76882e-10;8.34359e-18;2.87677e-14;7.96094e-13;1.73932e-12;1.36109e-17;1.37896e-12;1.17881e-14;2.47249e-16;1.80126e-15;3.69561e-14;2.59593e-13;1.98464e-12;7.71456e-12;3.45338e-12;6.00311e-15;1.05244e-10;1.31647e-10;2.33962e-12;2.08077e-14;8.06954e-09;1.197e-12;3.38649e-14;1.58141e-18;3.11166e-13;1.73594e-13;9.92506e-12;2.21667e-12;4.22207e-13;2.84313e-13;7.49331e-12;1.25302e-10;1.25513e-14;2.58655e-12;3.63372e-12;3.11095e-17;1.35899e-12;9.71631e-13;2.07132e-10;1.76802e-12;3.03072e-12;5.21166e-14;1.26784e-12;3.4431e-10;4.2135e-14;7.75067e-13;3.66855e-09;5.04901e-08;1.65798e-12;2.98574e-12;4.64936e-12;3.59344e-10;1.07557e-11;5.23461e-11;2.26204e-11;2.73157e-12;1.21641e-12;1.27684e-12;1.61533e-16;9.0048e-12;1.41038e-13;4.62511e-10;3.13102e-13;5.13713e-12;1.0401e-11;2.93071e-11;6.43019e-10
4.54989e-08;6.1105e-12;9.85518e-09;1.02848e-10;3.72566e-10;2.03485e-09;1.44218e-11;1.33573e-08;1.31214e-09;1.06191e-09;2.58134e-06;9.71744e-13;1.32406e-12;2.74264e-11;6.24814e-10;2.84593e-10;3.88987e-14;3.59044e-11;1.93996e-08;1.86311e-09;9.35637e-13;1.60489e-11;3.49124e-10;5.15737e-10;6.05681e-10;4.15214e-11;1.34202e-08;5.80324e-09;1.08832e-13;2.89769e-14;1.947e-14;1.33469e-12;4.41636e-10;5.83694e-11;7.52073e-13;4.46057e-12;2.75875e-10;5.45691e-11;2.19588e-11;3.26827e-08;3.73946e-06;1.50557e-13;5.14547e-10;1.55313e-12;1.98428e-11;3.33472e-09;5.85785e-11;2.67976e-12;1.68569e-13;1.96677e-14;1.03965e-07;1.84609e-15;1.75908e-11;2.046e-14;1.9661e-12;4.04021e-11;4.29786e-07;4.05859e-12;1.09861e-09;7.45626e-11;1.01303e-09;2.09222e-10;3.31694e-09;2.28328e-10;8.38614e-11;2.02208e-10;2.21006e-09;2.3976e-09;1.53931e-12;1.49234e-11;3.54831e-12;4.17561e-13;3.34834e-08;3.05278e-08;4.91684e-14;1.27935e-10;9.45725e-11;8.96969e-11;6.4431e-11;1.18328e-07;3.30093e-12;2.73642e-14;4.20719e-12;7.09297e-13;1.25485e-10;5.80457e-11;4.4499e-12;1.54605e-11;8.23132e-10;3.74678e-10;7.0568e-11;3.90093e-11;2.34992e-11;3.65946e-11;1.2855e-12;6.6249e-10;2.15646e-13;1.47578e-08;1.1878e-09;8.39461e-14;5.84031e-13;2.59292e-13;8.70719e-14;3.87561e-13;6.51375e-11;1.02425e-10;1.87281e-11;4.42131e-11;4.48868e-11;2.89401e-14;2.17612e-09;2.32877e-10;3.81125e-13;1.41664e-10;7.74099e-10;5.19193e-10;1.20625e-14;8.20473e-11;7.88349e-13;6.6176e-14;4.8321e-12;4.44134e-11;2.06276e-10;2.10422e-15;1.3912e-11;3.19207e-13;2.64908e-11;4.44088e-10;1.39323e-13;2.85621e-12;1.15483e-10;9.6788e-10;4.36901e-12;3.12873e-10;2.48535e-08;3.68099e-08;1.1115e-09;9.6096e-10;7.07231e-09;1.62037e-08;1.11758e-09;5.4168e-05;7.3142e-11;4.95924e-10;2.48228e-10;1.53119e-09;1.64414e-06;2.93625e-11;2.91853e-11;7.54024e-11;1.54141e-12;1.1149e-13;8.32298e-11;1.31599e-10;1.02282e-15;8.0651e-11;6.98901e-10;1.01898e-11;1.16232e-09;2.37525e-11;7.09872e-10;3.76818e-10;1.07809e-10;1.4152e-07;9.51266e-08;1.58448e-11;2.15509e-09;1.91258e-09;1.36731e-08;2.96329e-09;3.51959e-11;7.7832e-11;1.81025e-10;1.48819e-09;3.11838e-08;9.21927e-10;3.01518e-13;7.34194e-11;1.31286e-09;7.47967e-08;1.96174e-11;1.78394e-09;5.26154e-11;7.05567e-11;9.11734e-10;1.96126e-11;1.18356e-10;6.48045e-09;1.6091e-08;9.06931e-09;1.14148e-10;2.59861e-10;7.23892e-11;8.52039e-11;2.783e-07;2.80043e-10;3.596e-08;1.29568e-10;3.97343e-11;3.51128e-10;3.56567e-08;1.31516e-11;1.25813e-10;1.12039e-11;6.6292e-09;2.80015e-10;4.03888e-11;4.14787e-11;2.20995e-10;7.7688e-11;1.14961e-11;5.69294e-11;6.17707e-09;7.67555e-11;1.56384e-10;8.74293e-09;1.22801e-10;1.59983e-08;2.41417e-11;2.57609e-10;1.12913e-12;7.92524e-11;1.94005e-09;3.28833e-08;5.92082e-08;4.18015e-11;1.84357e-10;7.06711e-12;5.88158e-11;1.21517e-12;2.95469e-10;5.54559e-11;5.03067e-11;8.35866e-13;1.66048e-12;1.35726e-09;9.33338e-11;7.72741e-11;3.42468e-13;1.95253e-11;1.9284e-11;4.11084e-12;4.45305e-10;1.48469e-10;8.12749e-10;2.75916e-12;3.32062e-10;2.18309e-12;5.78637e-11;5.07223e-13;4.83886e-11;8.19979e-11;9.8872e-12;5.94889e-11;1.03424e-10;1.34491e-11;1.10201e-09;7.54823e-11;6.58861e-11;1.84796e-11;1.73373e-10;1.08554e-09;1.91203e-11;6.52426e-11;1.17954e-11;6.44101e-15;1.19541e-10;1.76335e-10;5.5191e-10;2.35861e-08;5.73024e-10;1.52528e-08;8.89915e-24;5.05035e-13;4.65946e-12;2.52442e-13;4.89095e-12;3.98004e-10;1.78806e-10;6.35724e-16;3.21303e-11;7.0112e-12;7.97367e-11;1.00582e-16;1.28683e-13;9.57897e-09;6.39189e-08;2.36008e-09;4.65641e-10;3.88302e-13;0.999704;1.50777e-05;7.4133e-05;2.0139e-13;4.95748e-08;4.89266e-09;1.39652e-08;0.000139964;2.12729e-06;5.35504e-07;1.37227e-11;1.42962e-13;3.34071e-11;9.96278e-14;4.15491e-09;2.18978e-11;1.06381e-11;2.92573e-18;1.67748e-11;1.04091e-11;2.42092e-14;2.24696e-10;2.00231e-13;1.43453e-10;1.13932e-11;4.43386e-12;3.17855e-11;4.2403e-09;2.40573e-13;8.78849e-12;7.25797e-16;3.46954e-10;4.63236e-11;9.34885e-14;1.32172e-11;6.79671e-12;9.56413e-18;5.49189e-14;3.07741e-10;5.8062e-13;5.13106e-12;2.72813e-11;3.57218e-11;5.21402e-10;7.8998e-10;7.67455e-08;1.16218e-08;2.38967e-08;3.64879e-11;8.45199e-10;4.52084e-14;1.00843e-11;1.2736e-09;6.66321e-16;1.99455e-11;2.90628e-10;2.8009e-08;2.46395e-10;4.25328e-09
6.23722e-10;1.06536e-12;3.25698e-10;2.36215e-13;1.8742e-13;8.10935e-12;1.50836e-13;2.23645e-12;7.43301e-13;2.17527e-11;1.47383e-16;1.22208e-11;3.25966e-11;2.38495e-12;3.15469e-12;2.31158e-11;2.975e-12;8.89372e-13;2.1459e-11;8.41596e-12;3.08851e-13;5.02161e-13;6.08522e-13;6.36771e-12;1.78443e-10;1.92773e-13;4.75984e-10;1.83134e-10;2.1904e-14;6.88084e-13;5.10048e-15;5.66513e-20;3.68185e-10;1.86713e-11;2.19698e-08;8.77943e-14;5.79053e-12;4.21374e-12;1.2094e-13;5.50038e-14;1.18169e-14;1.38616e-11;9.0538e-11;4.01183e-14;2.0882e-11;7.39772e-11;3.15898e-13;7.09193e-14;2.05888e-12;2.15247e-13;2.14063e-12;3.25328e-10;1.51614e-14;6.28212e-15;4.731e-12;2.6628e-12;1.58041e-12;8.25243e-12;7.18548e-12;1.04021e-10;2.76592e-14;1.00601e-11;3.63688e-10;2.27978e-06;1.22621e-12;5.71948e-10;3.36114e-12;1.43121e-11;1.55796e-12;2.47924e-10;1.64305e-11;6.36531e-11;9.15205e-11;1.11258e-10;7.61737e-08;2.67741e-12;4.86591e-12;9.65821e-11;5.5435e-12;2.14367e-10;1.8248e-12;1.50944e-13;1.79001e-10;1.61111e-12;1.07531e-13;1.11376e-09;4.31861e-12;1.74619e-06;2.40554e-11;1.19798e-10;2.71617e-12;5.5203e-11;1.85499e-11;8.9879e-15;9.38584e-11;1.42789e-11;1.71944e-08;1.77741e-11;1.905e-10;4.4759e-15;6.62602e-13;1.82486e-16;1.1538e-12;2.7998e-12;1.24992e-13;4.0477e-09;6.33417e-13;9.43544e-12;3.07756e-12;6.17567e-12;1.86656e-09;3.19618e-15;3.7586e-13;3.5089e-12;1.2376e-10;2.91417e-13;1.34627e-10;4.69817e-14;1.8851e-07;6.61208e-13;1.50522e-12;5.55996e-14;1.7658e-10;1.06091e-13;5.76388e-13;1.78378e-14;8.65105e-16;3.13449e-09;3.41219e-17;2.01849e-09;2.14576e-12;1.33352e-09;8.16858e-12;2.47495e-10;9.26419e-14;9.74972e-15;5.79113e-13;2.52804e-11;3.04042e-12;6.95875e-16;5.29381e-11;2.16683e-12;3.39036e-10;6.50323e-13;5.13509e-11;3.52907e-12;1.64594e-11;2.33544e-11;2.01741e-12;5.10731e-11;3.20078e-12;6.56535e-19;4.70315e-12;5.98124e-16;3.50024e-07;5.1137e-13;4.02093e-15;2.49052e-13;2.08633e-12;5.54364e-12;4.68979e-12;4.69974e-12;3.4249e-14;7.47402e-08;4.21499e-13;2.50202e-09;7.89062e-14;7.43753e-11;3.38658e-13;4.22503e-11;1.59489e-11;8.12738e-11;3.86465e-11;1.75041e-11;9.34974e-09;1.19909e-10;4.29664e-08;3.92306e-13;5.40694e-11;7.53702e-12;4.03655e-14;1.02381e-11;7.56427e-13;5.74077e-16;9.6364e-10;1.30034e-16;1.76754e-10;7.16703e-12;2.65911e-11;1.00467e-12;6.58734e-12;2.61417e-12;7.29556e-11;5.34517e-12;6.57782e-08;8.08649e-11;4.51054e-12;1.3762e-09;5.06637e-12;5.52259e-13;1.75867e-12;2.73906e-12;1.59856e-11;8.02059e-13;1.5993e-14;4.45602e-11;2.61998e-13;7.63541e-10;7.23237e-13;3.46151e-12;5.50862e-15;5.58776e-13;1.75339e-12;6.80286e-09;1.71165e-08;2.03374e-07;1.211e-07;5.02946e-08;0.996349;1.24372e-08;0.00364551;2.12204e-11;3.33886e-09;6.56491e-09;4.27267e-09;2.17907e-12;3.05777e-10;7.06275e-11;7.39151e-12;2.1394e-09;1.7974e-11;2.13453e-08;2.17909e-13;3.12424e-11;7.65196e-14;8.13981e-13;2.8412e-09;3.78123e-13;3.14969e-07;6.74262e-13;5.21459e-13;1.07547e-14;3.58081e-12;1.22013e-12;4.6932e-13;1.33543e-13;2.05656e-12;2.27149e-14;1.35593e-14;3.16344e-12;9.12756e-18;1.30194e-08;7.98322e-14;2.12883e-13;1.33841e-12;7.10821e-13;1.30119e-12;5.05023e-12;3.046e-13;9.01883e-14;5.91881e-13;3.37797e-13;1.10046e-14;3.57659e-15;3.84129e-15;2.80279e-09;1.09465e-12;1.36675e-12;1.41596e-12;1.70579e-11;6.74943e-12;1.83219e-13;2.35618e-12;8.17684e-13;1.08446e-12;5.55445e-13;2.99695e-15;3.6879e-09;5.2108e-15;1.60684e-10;1.04177e-13;2.54099e-13;1.28146e-11;2.91817e-13;2.46365e-15;3.72009e-16;7.7776e-13;3.97235e-12;1.40278e-12;2.56385e-14;2.18182e-17;3.63975e-07;1.57668e-13;3.21e-14;1.55313e-14;8.26243e-13;1.43127e-11;3.9367e-12;1.50608e-12;1.78223e-12;1.60201e-12;3.65795e-12;9.29665e-12;1.68088e-14;2.984e-11;5.86885e-12;6.63064e-16;6.2112e-09;1.10776e-12;5.18067e-12;1.47642e-17;1.63604e-15;1.10436e-12;2.30001e-13;3.45589e-14;1.01878e-12;1.26407e-12;1.03862e-15;4.73917e-14;3.53472e-15;3.26209e-10;1.4541e-13;2.38391e-11;2.35548e-15;1.03473e-13;1.00091e-12;7.70951e-16;3.94619e-13;4.99266e-14;1.959e-11;2.31883e-14;6.04931e-13;6.74316e-13;5.28823e-14;1.41453e-12;1.60434e-13;4.88691e-10;8.69735e-11;2.39791e-12;1.8479e-11;2.40819e-15;5.37727e-10;2.2339e-14;3.64997e-13;1.52701e-14;1.34489e-12;1.51683e-12;1.57609e-14;2.26165e-14
8.90574e-12;3.80042e-13;3.18003e-14;4.66811e-13;1.94873e-15;5.80294e-13;3.70599e-14;1.11689e-11;7.1547e-13;1.15414e-12;4.81716e-11;1.32627e-13;6.21258e-12;1.07482e-13;1.24638e-12;6.75709e-12;9.95402e-12;1.20846e-13;1.5397e-12;9.75607e-13;6.21747e-13;7.03865e-15;9.74854e-14;2.76765e-12;1.00572e-14;2.34353e-16;7.57408e-13;3.30689e-12;5.02296e-17;8.09301e-16;1.74909e-16;1.21179e-16;3.30628e-16;5.30618e-19;1.87975e-15;4.24735e-15;1.15605e-13;1.01457e-14;1.2571e-15;2.8749e-15;4.71763e-16;9.25953e-15;2.52457e-10;6.4209e-15;2.78945e-12;1.6143e-12;2.31757e-15;8.19174e-11;1.56054e-11;3.0462e-13;0.999973;1.71942e-07;1.30726e-08;2.67015e-05;9.10452e-11;1.87986e-08;2.80347e-09;2.21449e-14;5.60242e-13;5.19233e-13;2.14769e-13;1.08693e-15;2.01226e-13;2.31207e-12;6.28507e-15;3.86902e-14;2.99738e-14;2.50582e-13;2.05461e-14;1.85515e-13;5.64576e-14;4.37111e-11;7.69829e-15;1.05476e-14;5.14924e-15;5.20056e-14;5.07476e-13;1.41177e-11;2.50366e-14;1.647e-14;2.12377e-14;3.08615e-14;6.96189e-12;1.12624e-13;2.47648e-11;2.12597e-14;7.19398e-16;1.96777e-14;1.15991e-12;1.37809e-12;2.47223e-13;1.2689e-12;1.13723e-13;4.29528e-14;1.4642e-13;3.00212e-14;7.9226e-15;3.52092e-15;4.93156e-13;1.76935e-15;1.42295e-14;4.77062e-15;9.54193e-12;3.67853e-12;1.4742e-14;2.72588e-12;1.05033e-13;1.34845e-13;1.57556e-13;4.88041e-13;1.99084e-13;1.39123e-15;4.04216e-15;9.99159e-15;1.36323e-13;1.83018e-16;2.87606e-16;6.29705e-15;8.4674e-12;2.089e-12;1.07391e-13;9.79865e-14;8.58008e-14;1.09666e-18;8.42485e-15;7.62281e-16;5.75654e-16;4.36751e-15;7.14e-14;3.94443e-15;3.19059e-14;3.33709e-13;4.22965e-15;2.29795e-14;2.98575e-16;1.08286e-16;1.35718e-13;1.58851e-12;3.9434e-13;2.02803e-10;1.69621e-12;3.37758e-14;1.40227e-13;3.75614e-13;2.19688e-11;3.99156e-13;1.51473e-13;5.49424e-14;2.63114e-14;2.56513e-12;4.92698e-14;5.50973e-10;3.57174e-16;7.25472e-16;3.58381e-13;3.54137e-14;1.40727e-13;2.05037e-13;9.22197e-14;3.71946e-13;5.38789e-13;3.53883e-12;1.28332e-08;3.58889e-11;7.42071e-14;2.30685e-12;5.01189e-13;5.25522e-11;2.33167e-13;4.20317e-13;2.56256e-14;4.50596e-13;2.49251e-14;3.64675e-10;5.77408e-13;2.42067e-15;1.88325e-12;2.77557e-15;2.80695e-15;1.36286e-13;2.518e-14;2.73715e-13;1.28005e-12;2.88552e-13;1.3059e-11;1.14568e-16;2.45932e-13;3.78031e-13;1.67848e-12;4.5806e-13;2.21136e-13;1.08406e-14;2.0724e-13;4.41642e-14;2.42503e-10;8.75768e-14;8.80694e-16;7.60814e-13;4.26459e-12;2.67843e-13;8.97521e-14;3.32973e-13;2.1312e-13;1.89283e-14;2.06608e-11;2.92009e-14;1.37507e-14;8.72827e-14;5.41973e-13;4.82851e-13;1.05373e-14;2.67462e-14;3.1181e-13;4.20618e-13;9.40123e-14;1.57426e-13;3.46129e-13;5.38077e-11;7.18149e-14;4.17151e-14;2.97547e-17;1.19239e-13;9.91955e-14;4.61184e-14;6.63903e-13;1.64524e-13;2.70717e-13;7.46429e-14;6.20775e-11;8.22916e-14;1.35454e-14;1.2288e-11;1.491e-15;7.63105e-13;2.57665e-14;3.90043e-10;7.77539e-15;3.99717e-17;8.85663e-12;5.85933e-15;8.2944e-15;3.38137e-16;1.00569e-13;1.74454e-14;1.49792e-13;7.43822e-15;1.79653e-14;7.66929e-16;9.69411e-13;7.30075e-18;1.42135e-17;9.48045e-11;3.08281e-14;3.32298e-14;2.5585e-14;7.53853e-14;2.2985e-15;1.14307e-13;5.2353e-14;8.92033e-15;4.62277e-15;9.38543e-14;2.01773e-11;1.52104e-17;1.07486e-17;3.64838e-15;1.47561e-13;1.35049e-13;2.0363e-14;4.04663e-15;8.86905e-13;1.65785e-15;3.45766e-23;6.76711e-16;1.88585e-14;6.63123e-16;1.5361e-17;4.02195e-13;4.97519e-16;2.38769e-15;1.85976e-13;7.66038e-13;9.55248e-14;7.71773e-19;2.02488e-15;4.39328e-16;2.07192e-15;3.38697e-16;1.45122e-14;4.3666e-15;8.71769e-18;6.02734e-16;3.58021e-19;6.4786e-15;2.35795e-14;1.1379e-13;2.47602e-14;3.49582e-15;3.84602e-16;9.39396e-15;6.20355e-14;5.59787e-18;2.93426e-15;2.89922e-16;4.65519e-11;1.08053e-14;1.35771e-17;8.09307e-12;2.53325e-13;2.60206e-14;5.45261e-19;1.51751e-13;1.27761e-12;4.67551e-14;1.45334e-14;1.66309e-14;2.46495e-13;3.17485e-12;1.14672e-11;8.12707e-18;1.02002e-15;3.74468e-12;9.04644e-14;2.93378e-15;7.75442e-15;1.03615e-13;8.29041e-13;4.85811e-14;1.77123e-17;2.18957e-13;1.42663e-14;3.00485e-13;1.58644e-13;4.53889e-16;1.5851e-13;4.79448e-15;7.56396e-15;2.34886e-15;2.0668e-13;2.60053e-14;2.42075e-17;4.01812e-14;3.28192e-16;6.25291e-21;4.9767e-16;1.79563e-13;3.47525e-13;1.9884e-16;4.40579e-17
2.20967e-11;1.06515e-10;8.11304e-15;7.64352e-15;8.7364e-12;1.4625e-14;6.79369e-15;4.29174e-15;7.81717e-14;3.10636e-14;1.27928e-17;3.21205e-13;8.49832e-14;9.72612e-11;1.24154e-13;4.48024e-10;9.28382e-11;1.00305e-12;9.03741e-15;1.65354e-14;2.40214e-13;5.41074e-11;1.42233e-14;3.82889e-13;9.82798e-15;1.21606e-16;7.81599e-16;2.1303e-11;9.53228e-10;1.40224e-16;8.75699e-15;3.04123e-12;4.10357e-18;2.00709e-15;1.11268e-16;9.57763e-11;7.27663e-14;2.3202e-14;3.28915e-11;4.39206e-15;1.37982e-15;7.59496e-13;5.26424e-19;4.79225e-18;3.55721e-14;4.69397e-18;4.79891e-16;5.18143e-11;8.68698e-16;3.56043e-16;3.65247e-12;1.6267e-19;4.63678e-19;1.23721e-17;3.14395e-13;9.72109e-15;1.26623e-15;5.0863e-10;1.17375e-13;3.33862e-14;1.32074e-09;9.62161e-15;5.99924e-15;3.8971e-15;1.79071e-11;6.58351e-12;5.10126e-15;5.30769e-13;4.4436e-10;2.97763e-15;8.84964e-15;2.12289e-10;8.26093e-17;1.60641e-13;4.41242e-16;1.63969e-11;9.83845e-14;1.15764e-11;3.10076e-12;4.51901e-15;1.1038e-10;5.71969e-05;5.05432e-10;1.24753e-11;0.999899;2.01918e-08;4.7556e-11;2.87568e-09;5.91836e-08;1.42837e-11;3.92618e-10;1.09985e-13;3.701e-13;3.14354e-11;4.28647e-17;1.33384e-14;5.39864e-16;2.52587e-12;2.43034e-13;4.95224e-10;5.7227e-19;5.04424e-13;1.27603e-08;7.7513e-17;4.54828e-15;6.73358e-17;1.63085e-09;3.59232e-14;7.56872e-14;2.86225e-12;8.57219e-16;5.79489e-17;4.13611e-10;8.97022e-14;6.02278e-15;6.31658e-10;1.60344e-14;1.27569e-16;2.29002e-16;1.32522e-12;5.35849e-13;2.02523e-17;3.60328e-15;8.77327e-11;3.00605e-18;7.70642e-17;1.03977e-06;3.16992e-15;3.72596e-19;3.82927e-19;1.90171e-10;6.76196e-14;1.21566e-13;1.0269e-11;3.99464e-17;3.8924e-17;1.72614e-11;1.22644e-13;8.37219e-14;1.79602e-09;1.31292e-14;8.52571e-17;5.97843e-15;3.92564e-10;2.48295e-14;2.17149e-13;1.10527e-15;1.69465e-13;2.02704e-12;5.11668e-15;3.20949e-16;2.78851e-09;2.44153e-14;1.14152e-17;1.34869e-18;4.59517e-12;1.78219e-13;1.01514e-14;1.00516e-17;7.87833e-10;1.57417e-13;2.09667e-13;1.96432e-10;1.21489e-12;2.84473e-14;4.43519e-16;2.63018e-13;2.7817e-14;5.75353e-16;3.84505e-12;4.89597e-10;4.57965e-13;4.52547e-13;4.24884e-05;4.88407e-13;1.7893e-14;6.46317e-16;5.55136e-13;7.05497e-13;6.95648e-16;1.29032e-11;1.06461e-14;3.30095e-15;1.15313e-08;1.85448e-13;1.78942e-16;2.03086e-17;3.33243e-13;2.89894e-14;5.76618e-15;2.42654e-11;5.95681e-11;5.88207e-14;8.85302e-15;1.99697e-09;2.73201e-14;1.46926e-12;1.05525e-14;9.22941e-12;3.5046e-14;6.56431e-15;3.06832e-10;2.97765e-14;7.66773e-14;1.99858e-10;2.61186e-13;9.00427e-15;6.22121e-14;5.92107e-11;1.96843e-13;2.86558e-12;7.95786e-16;1.48246e-13;4.40128e-12;1.61095e-11;5.01092e-15;8.25916e-16;9.96196e-08;3.60495e-18;7.67904e-17;4.22076e-16;5.28931e-11;7.88486e-13;3.43943e-13;2.10924e-13;9.00211e-10;1.97768e-13;8.46941e-13;2.57931e-10;6.91866e-12;7.02059e-12;8.76346e-14;4.82549e-12;1.56784e-15;2.69977e-15;6.70233e-14;8.78216e-18;1.09035e-16;3.47838e-17;2.58276e-10;1.52586e-13;8.27823e-12;3.48291e-14;4.35668e-16;8.32956e-13;2.02942e-11;1.79568e-15;4.32625e-16;2.38586e-11;6.67737e-17;3.55362e-17;1.15251e-15;5.24252e-11;2.82828e-14;1.24452e-14;2.34909e-12;7.88338e-14;1.28754e-14;6.24117e-13;1.51072e-10;4.7363e-15;2.11239e-14;7.25443e-10;1.01392e-16;4.66251e-15;9.36448e-15;6.17675e-10;2.24847e-13;1.26485e-13;3.52091e-12;9.36749e-13;3.48267e-16;4.83445e-16;4.49814e-11;2.78704e-16;1.25808e-17;6.31287e-12;2.77388e-17;7.25863e-19;3.34877e-19;2.94945e-11;7.09366e-16;8.4146e-14;8.99828e-18;1.3832e-14;1.94674e-19;2.86262e-14;1.87479e-11;1.32954e-16;5.98931e-19;1.06424e-13;1.77399e-16;2.5026e-24;3.37338e-20;3.57671e-10;1.24424e-13;2.53592e-14;1.48145e-12;2.72694e-12;4.10065e-15;2.36646e-13;1.14323e-12;8.04806e-17;1.03935e-15;7.51971e-10;3.58804e-17;3.48047e-17;3.46813e-22;1.80826e-10;1.74851e-13;1.43999e-14;3.48981e-14;1.02493e-16;1.6087e-14;4.01785e-12;9.25482e-15;9.0151e-15;5.13451e-10;1.05266e-18;1.9065e-20;8.9179e-17;6.32548e-12;2.37155e-14;8.19903e-17;9.62573e-10;2.26192e-13;6.67293e-14;1.44703e-11;1.46704e-14;2.16163e-15;2.25133e-10;2.55796e-13;6.49206e-12;1.08661e-11;4.38503e-13;4.23663e-15;5.04577e-13;6.79648e-20;1.2273e-11;6.50747e-14;5.72061e-11;3.11812e-19;1.17811e-15;2.96128e-18;1.52844e-10;2.24605e-14;7.44227e-15;1.14586e-13;3.94894e-17
5.13547e-16;3.84073e-11;2.18964e-13;9.26512e-16;8.29083e-15;7.4789e-10;6.59549e-15;5.71749e-15;3.72772e-13;9.8814e-15;1.20923e-18;3.33559e-14;2.0251e-16;2.40856e-14;1.48216e-13;3.94746e-13;4.86101e-14;8.54598e-14;1.6284e-14;9.98814e-14;5.3286e-13;4.5629e-14;9.58285e-14;8.86794e-17;1.89605e-12;2.44898e-14;5.6025e-15;1;8.73424e-17;6.04862e-15;1.01202e-14;8.8127e-17;1.85024e-13;1.18714e-24;2.8354e-18;1.45479e-13;1.93116e-14;1.92566e-15;5.50095e-16;1.45464e-12;3.19983e-14;8.01706e-10;8.28239e-13;2.58567e-14;2.14624e-12;3.32816e-14;3.12177e-15;2.21124e-16;2.98172e-14;1.19286e-13;1.95809e-17;3.84653e-14;1.87345e-16;7.17183e-17;3.22121e-15;2.22229e-13;1.19877e-15;2.13217e-15;1.07762e-13;3.62814e-13;2.2267e-17;1.87988e-11;1.10538e-14;2.64425e-16;6.7946e-15;3.99084e-15;3.88832e-14;1.04236e-14;5.08577e-15;2.60464e-13;1.16231e-13;2.33977e-15;1.03208e-10;8.90729e-18;2.51152e-17;1.20846e-13;5.45102e-15;3.24108e-14;2.97779e-11;2.27054e-14;3.7299e-13;2.71377e-15;5.47601e-13;3.49821e-14;9.94598e-20;5.38144e-12;8.30087e-13;3.2577e-15;3.22837e-14;2.71916e-15;1.62588e-14;3.95207e-14;8.0975e-15;1.27772e-15;1.2724e-14;4.48274e-17;2.73084e-17;2.96811e-13;2.33338e-14;1.01194e-14;1.60261e-12;1.55334e-11;8.80918e-16;4.42389e-14;4.40608e-16;2.27346e-18;1.65105e-13;3.73033e-14;9.22525e-15;1.57658e-12;3.39272e-10;1.06455e-13;3.48936e-14;3.59734e-14;2.4422e-15;3.16123e-14;1.1143e-11;1.17626e-14;2.21587e-13;8.68728e-16;2.14903e-12;1.7767e-13;1.47365e-14;3.43137e-16;1.10091e-14;3.94283e-17;8.99742e-17;1.75341e-13;1.72206e-18;9.31289e-18;1.10567e-12;5.32021e-12;1.61581e-11;2.19558e-15;3.37437e-11;1.22198e-13;1.9033e-15;2.69202e-14;4.10279e-14;1.41683e-11;1.58262e-12;1.25984e-15;3.16611e-14;9.41972e-14;1.68241e-15;9.82659e-11;1.76274e-17;2.26835e-12;3.03606e-15;5.66754e-14;7.12884e-15;8.61484e-14;2.73923e-13;2.4447e-16;3.28071e-14;5.67127e-15;8.22139e-15;6.91544e-12;7.95739e-17;9.2306e-15;2.69539e-15;2.04122e-12;7.16313e-13;2.71658e-12;4.30762e-17;6.00157e-15;2.82569e-15;3.96505e-15;2.82306e-17;1.56706e-13;1.65083e-13;4.8402e-13;2.82838e-14;5.57128e-13;1.07204e-12;1.3053e-16;7.04827e-17;5.91423e-17;3.21708e-11;1.08675e-13;6.03383e-14;1.17167e-12;3.80175e-12;6.67398e-14;1.37975e-11;7.0195e-14;8.91269e-15;3.22673e-16;2.61762e-11;2.14065e-14;1.2068e-14;7.36496e-15;5.54726e-13;1.31562e-13;3.60557e-15;5.76783e-12;1.54592e-17;9.06305e-14;1.90345e-13;2.72882e-11;2.39603e-14;4.63102e-16;3.31289e-14;2.51425e-14;8.7769e-17;1.0552e-12;3.44096e-15;3.12264e-14;5.2145e-13;9.04246e-14;1.98596e-15;2.95308e-14;1.514e-12;9.12693e-15;2.2298e-16;2.64204e-15;3.7919e-14;5.12871e-17;1.96027e-16;1.01413e-14;1.85722e-15;1.29348e-14;6.40256e-14;1.08531e-14;9.26735e-14;3.04989e-14;2.40331e-13;2.98755e-13;2.89176e-14;1.94355e-14;1.919e-15;2.54094e-13;1.58816e-16;2.5149e-13;5.37075e-14;1.04682e-20;2.48975e-16;5.27209e-16;5.02803e-17;1.98179e-14;3.2023e-14;1.67188e-14;2.26118e-12;1.23804e-14;2.02168e-13;1.28607e-16;8.15131e-15;9.03493e-17;3.20897e-18;2.06961e-13;5.20211e-21;8.30901e-19;1.24132e-12;3.44495e-11;3.28649e-11;1.54148e-13;1.01425e-10;5.47218e-14;4.91043e-14;1.30766e-15;2.74235e-14;9.51258e-16;2.9775e-16;1.58533e-16;1.1808e-16;6.73847e-15;9.33058e-15;9.5428e-14;1.66913e-13;6.22369e-16;2.29136e-12;1.01466e-15;1.24969e-20;2.12414e-17;6.38475e-15;4.37716e-14;9.63286e-19;4.94296e-15;2.14545e-19;5.09593e-20;6.13203e-15;1.45473e-12;1.78065e-13;3.69286e-18;4.57225e-09;7.29891e-17;9.36939e-13;1.08725e-15;6.70585e-16;3.75182e-17;8.81292e-19;3.75391e-17;1.15004e-20;1.07105e-15;6.67893e-15;1.51185e-12;3.11167e-14;4.91971e-17;5.5952e-14;6.0558e-13;1.14771e-14;7.62857e-18;4.81844e-17;1.75944e-15;1.33236e-19;9.53755e-10;6.52918e-17;4.08895e-20;3.26231e-15;9.87501e-15;3.42396e-22;2.08033e-11;6.35019e-16;1.62295e-12;6.79391e-16;1.58824e-13;8.151e-13;4.07224e-18;2.35089e-11;1.39122e-16;2.54804e-16;1.50683e-13;3.24579e-14;1.64487e-16;4.28315e-14;6.21253e-13;9.55975e-21;3.8428e-10;3.04965e-12;5.1812e-11;1.90456e-14;1.60857e-13;3.45428e-13;6.21628e-15;5.56764e-13;1.41259e-13;7.41892e-08;1.15545e-19;1.62826e-15;6.11418e-13;2.58493e-23;2.34809e-11;1.95813e-13;1.38766e-15;6.5501e-16;4.45643e-16;8.60976e-14;1.29205e-15;5.61342e-15
4.04498e-08;2.82294e-06;8.24014e-10;1.66121e-09;1.59074e-08;2.20283e-07;9.72706e-10;3.27296e-09;3.86012e-10;3.57562e-11;1.61696e-09;1.33818e-09;1.39703e-10;1.55044e-08;3.46873e-09;8.8063e-09;7.00706e-08;8.37023e-10;1.29264e-09;1.94768e-10;2.75763e-08;3.37951e-10;6.68533e-10;9.66176e-11;9.56493e-12;3.13809e-09;1.12872e-10;2.808e-08;1.02042e-08;7.88371e-10;8.81414e-10;2.69352e-08;1.10293e-09;6.33053e-16;5.86532e-14;5.23954e-10;1.25637e-10;1.46499e-09;1.96139e-10;5.68498e-11;8.20318e-10;6.3773e-07;9.94725e-12;1.17947e-10;3.4606e-11;3.99312e-11;4.76098e-11;1.67606e-09;4.33573e-10;3.99267e-06;3.49262e-10;7.00512e-14;2.02159e-10;5.77378e-11;4.0008e-13;5.76015e-09;5.15869e-11;3.26518e-08;7.16931e-08;2.8657e-08;4.83907e-08;1.47997e-08;4.89003e-09;2.77621e-11;6.60591e-10;7.96524e-07;1.21914e-09;8.80304e-09;2.40393e-09;1.31312e-08;8.86959e-09;3.32861e-11;2.78962e-10;2.21583e-14;3.66563e-10;3.63897e-10;4.68841e-11;4.19052e-10;4.44605e-08;1.4637e-11;1.4483e-09;2.62159e-09;1.44752e-07;1.8771e-09;2.89075e-09;2.59823e-12;7.15619e-11;3.4101e-11;4.22822e-09;1.25071e-10;7.68956e-09;2.14285e-09;6.38076e-10;1.1597e-11;8.93259e-09;8.46937e-10;8.27708e-09;4.54063e-08;4.20619e-07;1.61556e-11;1.96717e-09;7.5445e-08;4.1444e-10;4.10427e-13;3.43553e-10;1.49678e-10;1.97597e-10;4.15285e-10;5.19088e-10;1.49552e-07;2.24859e-06;1.1132e-10;1.40559e-09;4.3229e-10;1.34606e-11;1.91438e-12;2.389e-11;1.36665e-11;1.23597e-08;1.02182e-13;3.60779e-09;7.79604e-10;9.80284e-10;1.40588e-10;3.42304e-11;1.12999e-12;6.59833e-08;3.60381e-12;2.1401e-12;3.51772e-16;2.14978e-10;1.66187e-10;8.47369e-09;1.93887e-14;1.03038e-11;7.82518e-11;4.61503e-09;4.1345e-09;5.4895e-09;1.41613e-07;2.35326e-08;5.48719e-10;1.34305e-10;4.92667e-10;4.39146e-11;5.16904e-08;4.7721e-11;9.66435e-10;8.81403e-09;4.87402e-08;7.91307e-10;6.97539e-09;3.77326e-12;2.84535e-09;4.28965e-11;7.79913e-11;3.18584e-12;4.42187e-10;1.09329e-10;1.4064e-08;2.88166e-10;2.73884e-08;2.66879e-07;7.66104e-08;3.00035e-11;1.25279e-09;5.85614e-11;4.51221e-09;2.7694e-09;1.68157e-09;7.0742e-09;1.24165e-07;5.56256e-09;3.21861e-08;2.7008e-07;8.53431e-09;7.64352e-09;7.62394e-10;8.83145e-09;7.47093e-10;1.11386e-09;1.62445e-09;4.22758e-08;3.40801e-10;2.86386e-09;1.76321e-09;1.78487e-10;2.92469e-11;8.94712e-08;1.15785e-09;2.93445e-08;1.09818e-08;1.49792e-07;1.89751e-08;4.75603e-07;4.61235e-09;7.51889e-09;1.07329e-09;4.6838e-10;2.4879e-08;3.3266e-10;2.10631e-09;7.18472e-09;2.52887e-09;4.54699e-12;1.20724e-08;3.32243e-11;1.8368e-11;4.2002e-10;1.684e-10;6.05905e-11;1.90608e-10;1.09455e-09;4.14005e-10;1.29031e-10;9.36591e-12;1.61805e-10;2.37542e-11;1.22438e-12;1.19127e-11;3.41772e-13;2.06245e-10;3.89658e-10;3.50972e-10;2.10812e-10;3.75161e-08;1.32417e-07;9.60233e-08;1.44639e-07;7.80078e-10;6.22497e-10;1.31803e-08;5.4129e-10;1.3654e-07;3.21497e-08;3.97181e-13;3.65692e-08;4.13628e-11;7.33794e-12;1.01459e-09;2.02756e-09;5.2685e-09;3.07097e-09;6.03748e-07;4.99718e-10;4.76312e-11;1.30157e-09;1.09288e-10;1.906e-09;5.24119e-10;1.35779e-12;8.76428e-13;1.24673e-10;8.54481e-10;2.00711e-09;2.23676e-10;2.80272e-09;4.39855e-10;1.52195e-10;1.67504e-09;1.55767e-09;2.44052e-10;4.33771e-10;1.8607e-08;2.04795e-11;1.44745e-10;8.92487e-10;5.7568e-10;1.70971e-10;1.88906e-12;6.11222e-09;4.68003e-10;1.96432e-09;1.13739e-10;3.6784e-11;4.82762e-10;6.67605e-13;1.0672e-11;2.95737e-16;2.59009e-15;8.25571e-11;3.50451e-12;1.50775e-09;6.6485e-15;5.47618e-10;6.89238e-12;1.60902e-08;1.0865e-08;9.13093e-10;1.37587e-09;5.17663e-10;5.84505e-11;1.73772e-14;2.22161e-11;7.55202e-10;2.12001e-08;1.44475e-09;7.15953e-15;7.23847e-11;1.15767e-09;1.16566e-09;2.2962e-07;4.35835e-10;5.47644e-09;3.23553e-09;6.3729e-06;6.26151e-14;2.03214e-15;3.82071e-10;8.58731e-08;2.74701e-11;1.41419e-10;5.21269e-13;5.96129e-11;7.58413e-10;1.37296e-09;4.12154e-10;4.62682e-13;8.81463e-13;1.30678e-16;1.75364e-12;1.98541e-09;4.89999e-09;0.0014807;7.71368e-07;6.96337e-07;0.00187335;0.996495;6.91203e-05;1.14062e-06;8.85948e-07;5.55025e-06;3.90589e-05;1.51051e-07;1.04316e-06;9.83082e-06;1.10567e-09;5.47686e-13;5.33443e-09;3.54714e-08;5.85637e-10;7.67167e-10;1.57147e-09;3.0338e-10;6.58201e-12;7.00003e-10;2.04917e-10;2.18499e-10;1.31101e-11
2.21995e-10;8.11823e-11;2.64426e-11;5.37055e-10;5.15753e-10;5.3635e-11;2.41665e-13;1.52033e-11;2.43092e-12;7.87617e-12;1.78808e-12;3.26891e-11;1.11598e-12;4.4852e-11;1.30067e-10;3.44825e-10;1.41707e-07;4.8041e-11;3.13808e-11;3.63908e-11;6.89953e-10;4.8941e-12;1.43941e-11;6.12559e-12;6.75658e-11;6.393e-12;8.08451e-13;1.11258e-09;3.70539e-12;1.51365e-10;8.10709e-12;6.00459e-13;6.06374e-10;3.92375e-12;6.38689e-14;3.5169e-12;1.04511e-11;1.26272e-11;1.45424e-12;1.82816e-13;8.63234e-13;2.40018e-09;8.6577e-12;2.71974e-13;6.04708e-11;1.84117e-11;2.39407e-13;1.8042e-10;3.77304e-10;8.94743e-12;2.12519e-14;1.45222e-10;1.31086e-09;5.51468e-09;6.32264e-15;1.45029e-11;3.72116e-12;2.44281e-10;5.17515e-10;5.61369e-10;1.34512e-10;4.91356e-09;2.66177e-08;3.46616e-12;2.71215e-11;1.98619e-10;3.14201e-11;4.99963e-10;3.34496e-11;2.749e-10;1.28906e-09;1.10078e-09;4.1135e-11;1.23501e-12;3.76739e-11;8.30176e-12;2.57588e-11;1.34393e-12;1.81494e-11;7.27964e-12;9.32296e-11;2.09859e-11;1.59969e-08;3.1815e-10;1.0528e-12;1.31913e-09;1.65228e-09;4.248e-12;4.22995e-12;2.49842e-11;3.17942e-10;1.22779e-10;1.23678e-11;1.7957e-11;1.28936e-10;3.98945e-12;1.97866e-12;1.7262e-12;1.38024e-10;1.00339e-13;2.35447e-12;5.78888e-13;7.9571e-10;1.40202e-10;2.0234e-12;1.12719e-11;2.24372e-12;9.97538e-11;1.17939e-11;4.40412e-13;2.39496e-10;2.44481e-12;6.16608e-10;1.95709e-10;6.67479e-12;3.90995e-13;3.61192e-11;2.03358e-09;1.13257e-10;2.88308e-12;2.24375e-11;3.20052e-10;4.76349e-09;8.93962e-07;2.21334e-07;8.01641e-08;0.997604;0.000383211;0.00197581;3.41452e-05;2.86034e-09;5.59148e-09;7.8765e-09;1.19874e-10;7.33247e-07;6.99185e-10;5.80357e-11;8.54572e-10;1.00726e-10;4.72392e-09;1.38324e-08;5.98393e-11;4.89456e-12;3.06067e-12;8.18842e-14;7.53157e-10;7.94214e-13;5.11028e-11;5.43295e-12;7.56068e-11;2.95169e-11;5.42699e-12;1.58481e-11;2.12101e-09;4.59193e-12;1.52621e-12;7.5594e-14;2.43768e-12;1.22129e-12;2.72045e-11;5.34149e-11;1.48808e-09;2.23847e-10;3.65628e-09;1.02597e-10;6.47354e-12;1.81257e-12;4.02125e-10;1.04779e-10;4.05481e-11;4.42898e-11;1.46291e-08;2.36009e-10;1.54046e-10;4.08452e-09;1.83485e-12;5.71225e-12;4.39868e-12;3.49882e-12;5.92501e-12;5.97043e-11;1.30354e-10;5.2455e-11;5.76157e-09;6.59239e-07;2.90631e-09;2.46507e-11;9.78243e-13;3.34282e-10;6.22743e-11;8.9411e-09;4.42145e-10;3.27899e-08;1.0723e-08;5.4865e-09;8.49563e-10;1.19156e-10;3.22013e-10;3.00624e-13;1.57651e-10;1.13002e-11;1.87736e-10;5.88771e-08;2.16486e-09;7.8127e-10;1.11487e-08;1.48543e-08;5.71978e-10;1.24618e-10;3.81658e-11;2.64688e-11;3.58697e-11;1.33514e-11;1.67509e-11;2.95555e-13;8.28171e-12;8.10675e-11;4.08644e-11;1.18515e-11;8.12992e-13;8.40981e-15;1.21319e-11;7.23344e-11;6.30776e-12;1.07331e-12;2.34627e-10;6.01178e-10;3.34799e-11;8.94417e-11;4.47614e-13;2.76217e-12;2.09486e-13;1.0782e-11;3.02626e-10;2.58581e-11;7.69055e-13;9.17772e-14;1.64545e-13;1.26466e-11;5.10918e-12;1.65344e-12;1.22185e-10;6.51921e-11;1.85399e-08;1.41812e-11;6.99122e-12;2.1274e-10;3.36284e-11;8.23152e-11;4.31259e-13;4.40764e-11;1.468e-11;1.97062e-12;1.17522e-12;8.02191e-12;2.74109e-12;8.0168e-12;4.6131e-12;3.43772e-10;6.97623e-11;2.96781e-10;1.35271e-10;4.09025e-11;1.56021e-11;1.0768e-08;2.47393e-11;1.30099e-10;3.26701e-11;3.33535e-10;1.96258e-13;3.47109e-10;2.08367e-12;8.13535e-18;5.61497e-14;7.47679e-12;2.9982e-11;1.74639e-09;4.90137e-09;2.52977e-13;1.25618e-11;1.32907e-12;6.55348e-13;1.37965e-11;6.35505e-18;2.86543e-09;2.23263e-13;1.50546e-11;1.13604e-13;4.32991e-11;7.5744e-12;5.28814e-13;6.43759e-12;4.4341e-14;4.81155e-14;9.18374e-13;3.5432e-11;2.70239e-11;5.24367e-17;6.18294e-11;1.25137e-12;6.42154e-12;1.52594e-10;4.5257e-12;1.34941e-10;4.52317e-08;8.1471e-11;2.26339e-11;1.46122e-17;1.00485e-11;1.91217e-10;4.87905e-17;4.84376e-11;2.48302e-14;3.0995e-11;4.64812e-12;2.95505e-10;5.13196e-10;5.05293e-13;2.43978e-09;8.22122e-14;7.8357e-13;3.45296e-11;2.33991e-11;7.59168e-14;1.95585e-12;4.03418e-11;1.2898e-11;7.04806e-10;3.33335e-11;1.09241e-13;6.07933e-11;1.68074e-11;1.09693e-10;1.17993e-14;5.49533e-10;2.72332e-11;8.04144e-10;1.5723e-16;3.54417e-11;3.30508e-11;3.09098e-14;1.00473e-11;2.86734e-10;2.2506e-09;2.16963e-13;2.43505e-11;8.601e-13;3.32159e-17;1.27688e-12
3.87827e-11;9.34023e-11;2.9068e-10;1.43008e-11;9.79479e-12;3.9757e-08;3.74066e-11;2.20295e-08;1.64638e-10;7.84494e-10;9.41386e-09;4.55668e-10;8.62657e-12;7.33989e-10;4.30844e-09;4.82545e-10;7.18311e-09;3.90778e-10;7.77713e-08;8.46689e-11;7.34036e-09;1.47497e-09;5.16058e-08;2.21584e-10;3.38448e-10;6.45963e-09;8.09623e-10;3.04139e-11;4.83073e-12;1.53544e-10;5.99841e-13;7.37718e-11;6.10582e-15;1.42519e-11;3.28205e-14;3.91104e-09;4.61936e-10;5.2328e-10;1.37998e-08;1.70603e-08;1.5859e-08;4.09618e-10;9.79334e-11;2.18463e-12;9.93917e-10;2.21038e-10;2.93914e-11;2.32787e-11;1.585e-11;9.48654e-14;6.05265e-10;6.18043e-10;8.64635e-13;5.41279e-10;6.70303e-13;4.69071e-09;1.49344e-09;9.9499e-11;1.6197e-09;3.84794e-10;4.61433e-10;1.0619e-09;4.6347e-09;1.99606e-12;1.37956e-10;2.9446e-09;1.00028e-09;1.93823e-09;9.66767e-11;1.70095e-09;4.64869e-11;1.63596e-09;3.68685e-11;1.23103e-10;5.34816e-10;2.91456e-09;4.96857e-10;3.02737e-09;8.30004e-11;8.21507e-10;1.48142e-08;5.10276e-09;4.40477e-09;1.36705e-10;7.1479e-09;1.33391e-10;2.00574e-08;3.86819e-11;6.72724e-10;1.61791e-09;5.65216e-10;2.24259e-09;2.14354e-10;1.83181e-09;2.51129e-10;4.21357e-09;8.90233e-12;7.69437e-11;2.07279e-09;1.59284e-10;1.98336e-09;3.21739e-13;1.86434e-08;5.23927e-12;1.70096e-11;2.85031e-12;1.01201e-09;1.73775e-09;2.77267e-09;1.11312e-09;4.89853e-10;3.05354e-08;3.06059e-09;1.21943e-09;1.06811e-10;2.92581e-12;3.73368e-12;1.59984e-07;1.53032e-12;6.02e-09;7.45265e-10;2.05968e-10;2.14656e-10;9.60879e-12;1.86201e-12;3.47779e-11;4.92831e-09;2.79868e-12;6.24233e-09;4.28175e-14;1.50713e-09;3.95431e-10;1.27637e-10;9.18662e-10;8.81312e-09;1.00724e-09;4.51554e-10;2.20497e-10;4.34089e-11;7.06846e-10;2.76777e-09;2.29884e-12;2.73113e-10;4.10452e-10;1.41995e-11;1.9706e-10;2.35738e-09;1.69617e-09;3.24456e-11;6.07039e-10;1.5214e-11;6.55538e-12;1.19276e-09;4.37914e-10;1.20522e-11;3.41356e-10;2.05739e-09;6.29784e-11;1.37614e-09;1.29727e-09;3.96731e-09;9.34659e-09;4.13323e-10;1.90796e-10;6.52521e-09;5.47498e-11;5.74389e-09;4.83504e-10;1.24462e-07;3.45735e-10;2.7784e-10;1.42589e-09;4.22535e-11;1.86668e-10;1.85993e-08;5.27992e-13;3.70967e-12;5.48286e-11;2.79037e-11;2.44221e-09;2.28217e-09;2.97879e-09;1.71648e-11;6.51385e-07;2.15848e-10;1.82266e-07;9.90429e-10;1.2583e-09;7.78059e-10;1.89762e-09;2.27864e-09;1.7113e-10;4.25853e-10;7.99929e-10;7.38595e-09;1.50144e-11;2.16736e-10;1.76582e-09;2.83755e-11;4.03092e-10;2.58234e-10;2.39488e-10;1.52495e-09;2.41013e-10;1.03852e-09;1.27559e-09;2.49428e-08;1.92525e-10;4.62762e-09;2.96277e-09;2.14669e-08;3.07158e-10;3.32891e-09;2.99222e-09;5.90136e-10;5.8986e-11;2.4585e-10;5.22694e-08;4.62007e-10;1.89843e-09;3.67977e-11;3.34977e-10;2.0573e-08;2.04547e-10;3.71547e-10;1.33397e-09;6.70376e-10;6.10581e-11;1.40265e-08;3.95224e-11;8.09993e-12;4.09569e-12;3.62401e-10;5.18014e-11;1.12061e-09;2.91e-11;2.25426e-11;1.64608e-11;9.98773e-09;2.86304e-09;1.9543e-10;7.57137e-09;7.27891e-10;1.11732e-08;2.1543e-10;2.53571e-11;1.05154e-10;1.29467e-10;1.43659e-13;6.0082e-11;4.313e-09;1.77018e-13;8.75938e-10;4.43795e-10;1.93146e-10;1.99546e-10;1.76851e-11;4.51659e-12;4.04779e-08;1.82375e-06;1.43694e-06;2.17476e-07;0.00120314;0.998748;1.87835e-05;8.79106e-06;2.52762e-07;3.24584e-08;4.40045e-07;8.03935e-08;2.98384e-08;6.98899e-07;7.74598e-18;6.3382e-12;2.62356e-11;2.93195e-14;2.85078e-08;3.95543e-13;1.08717e-08;5.20783e-18;9.19007e-10;2.524e-09;3.19817e-11;6.58486e-13;3.15034e-09;1.40184e-09;1.47789e-09;6.59929e-11;2.0049e-11;1.9119e-12;3.60807e-08;1.79042e-12;1.29409e-10;6.63812e-13;1.20227e-08;3.89907e-09;1.00334e-09;1.63769e-09;8.25087e-10;1.17525e-09;5.4772e-11;9.29273e-11;1.68893e-11;2.68552e-12;7.7321e-11;6.15638e-14;1.8674e-13;2.33503e-14;1.07238e-09;1.72527e-10;1.34958e-05;1.37345e-09;2.80278e-11;3.62939e-08;4.64926e-09;2.80221e-09;2.05411e-09;4.4415e-11;6.35575e-07;2.87286e-13;6.82058e-12;1.21904e-08;1.09094e-09;2.22181e-10;1.70696e-10;9.68036e-11;3.4865e-13;1.2068e-10;2.45689e-11;4.72872e-10;1.37819e-09;9.23578e-11;9.47181e-11;1.78489e-09;1.24658e-09;2.85422e-10;2.61671e-08;5.21361e-12;4.77256e-10;1.17414e-10;1.52812e-10;2.83215e-15;3.01879e-09;2.9513e-11;7.6588e-11;5.61381e-10;2.28512e-10;6.17184e-11;1.46619e-08
8.27396e-09;6.14059e-08;3.71054e-11;7.55726e-13;1.34778e-10;2.88468e-10;9.76293e-12;1.77154e-10;5.4687e-10;7.11543e-11;3.17162e-13;3.49089e-13;3.93708e-10;1.2777e-07;8.58392e-12;1.48459e-08;3.95008e-09;6.9642e-10;1.98632e-11;1.1769e-11;8.33471e-11;1.64074e-06;2.17543e-11;1.11951e-09;4.40368e-10;3.58751e-12;7.55946e-11;1.08764e-08;1.39271e-06;2.74655e-13;2.22802e-14;1.20624e-12;6.20486e-13;7.75238e-15;2.63568e-13;1.11504e-07;1.53117e-11;8.33459e-12;3.09904e-13;4.9711e-13;7.10469e-15;1.02155e-10;2.09088e-10;6.5711e-14;2.79848e-10;1.177e-11;3.41062e-11;6.05072e-08;5.70927e-11;1.60444e-13;3.4319e-10;7.94133e-10;2.64575e-11;7.65033e-14;3.86921e-11;1.7634e-10;6.45589e-12;2.05505e-06;8.51177e-11;6.69599e-11;6.49468e-10;2.5747e-09;4.9848e-10;1.23815e-10;1.11702e-08;4.19144e-09;1.60872e-11;1.10466e-10;6.97073e-07;5.4419e-11;6.41556e-13;8.06047e-09;3.89864e-14;2.74843e-15;1.07086e-10;1.55392e-08;2.00215e-11;7.5001e-11;7.97992e-12;7.73976e-11;2.62931e-11;3.48449e-07;6.09305e-12;1.06551e-11;7.22464e-13;1.01983e-11;2.22905e-15;7.90253e-15;4.83551e-10;5.79929e-11;6.09125e-07;7.76927e-11;2.59382e-11;4.3493e-08;1.06994e-09;1.45531e-11;1.24771e-11;4.90798e-10;3.41986e-11;3.7199e-06;5.93074e-13;2.02443e-13;4.27096e-13;5.55477e-11;3.19018e-14;4.31829e-15;4.35804e-07;4.20319e-11;8.86016e-12;9.60448e-13;2.91339e-11;3.03948e-12;3.62823e-08;2.04918e-10;3.16264e-11;2.28748e-09;4.9288e-12;8.11451e-11;3.7383e-16;4.68848e-09;1.48247e-10;1.78471e-10;4.87554e-13;2.59127e-07;7.77787e-13;3.69137e-13;1.84454e-14;9.42908e-14;4.69257e-13;6.08899e-14;1.00503e-07;1.13706e-12;2.74476e-12;4.74143e-11;3.20055e-12;2.21391e-13;1.14422e-05;1.42801e-11;7.01641e-11;3.45165e-10;2.46125e-10;2.31016e-13;1.36378e-10;1.63792e-08;5.63171e-11;1.28423e-11;4.11127e-12;2.19205e-11;6.48765e-07;4.03448e-11;2.18346e-12;3.48005e-11;4.33129e-12;2.19869e-14;6.36988e-13;6.45284e-09;9.93333e-09;2.21744e-12;3.05643e-12;1.07761e-06;2.0867e-11;1.27053e-10;2.64625e-08;4.75633e-10;1.56899e-11;3.70165e-12;4.54161e-09;2.97035e-11;4.0431e-12;3.07976e-10;6.01598e-07;7.34066e-11;1.38445e-11;1.56946e-09;2.26019e-11;3.84633e-12;1.10975e-11;1.88846e-11;8.67102e-12;1.62769e-10;3.15912e-06;7.68314e-12;2.55033e-11;1.3684e-09;3.38315e-10;3.73733e-13;3.7632e-11;8.59967e-10;1.9207e-09;2.30928e-11;2.41061e-10;1.01419e-07;1.66255e-10;3.90154e-12;1.36837e-10;3.61733e-12;4.24715e-13;3.46476e-13;1.68466e-12;7.73922e-12;2.52519e-12;5.31809e-07;7.02092e-11;1.90175e-11;6.78457e-10;3.55065e-11;1.48661e-10;4.37895e-11;3.58833e-07;1.90811e-11;1.01128e-08;9.47813e-13;9.53017e-11;5.25371e-10;1.11195e-05;9.47102e-14;2.52386e-12;1.2454e-11;8.6568e-12;8.43028e-13;4.97773e-12;5.26342e-09;1.42471e-08;2.57132e-10;2.59807e-11;2.57276e-07;3.68793e-11;1.5797e-11;1.43482e-11;2.2865e-12;1.78553e-11;4.93153e-13;5.06025e-06;2.93107e-12;1.17994e-12;2.12426e-12;4.57846e-14;3.63612e-14;2.10399e-11;1.66232e-08;7.67462e-12;9.82799e-09;2.92999e-10;3.78055e-11;4.531e-11;1.67583e-07;4.59252e-12;2.46548e-14;1.12828e-15;1.42028e-13;1.30252e-14;2.07425e-12;2.19678e-07;6.0316e-11;5.58546e-11;4.94471e-11;6.29278e-12;3.23339e-11;5.55506e-10;6.47903e-06;2.40539e-11;1.46618e-11;1.595e-10;5.2766e-12;1.16903e-11;1.31716e-10;9.15826e-07;4.14153e-10;1.15123e-10;1.27402e-09;3.05536e-11;4.09049e-10;2.04609e-19;4.48908e-07;1.44007e-12;1.28265e-15;6.01946e-13;2.15931e-15;3.5052e-15;1.26326e-18;1.0334e-06;1.72474e-10;4.7391e-12;7.14582e-12;6.92358e-10;6.65231e-10;1.28358e-08;0.0011896;3.21655e-09;5.60694e-12;0.998706;7.4031e-06;4.20093e-11;8.90855e-07;1.11486e-06;2.23645e-08;6.81124e-09;2.91701e-05;1.24144e-07;2.77387e-09;3.54484e-11;8.80718e-08;4.31188e-12;3.18995e-14;1.02216e-12;9.39554e-13;3.73118e-14;8.15532e-17;1.39863e-07;9.71302e-12;4.88727e-09;8.35337e-13;5.50786e-12;2.21477e-10;9.18808e-06;4.08337e-10;6.33331e-11;3.27744e-08;1.26455e-14;1.27725e-17;4.93992e-10;7.20811e-10;1.42447e-10;5.63938e-08;1.51084e-08;8.94073e-12;3.85688e-17;9.02806e-12;4.0444e-12;1.31743e-07;2.21314e-07;9.19533e-12;9.13064e-12;4.01037e-13;3.73187e-11;1.4695e-11;6.22263e-10;1.44127e-15;4.64753e-07;1.10615e-10;4.43699e-14;1.402e-15;1.45548e-11;6.73155e-09;1.22132e-07;1.37581e-11;7.20299e-13;3.35184e-11;9.89627e-13
4.79253e-13;1.22038e-13;1.59101e-14;2.70311e-13;8.98398e-15;4.75913e-13;2.88531e-14;4.83259e-14;1.33036e-15;7.8893e-15;7.06215e-15;2.08284e-17;7.65174e-17;6.22058e-16;2.60301e-16;3.27093e-14;1.43934e-13;3.43621e-16;1.16982e-13;4.50626e-15;1.23573e-12;9.66582e-16;1.58754e-15;3.00587e-15;4.3141e-16;9.23362e-17;7.81729e-16;1;1.03949e-14;5.10382e-14;4.20991e-14;6.86447e-15;6.54197e-17;9.56165e-16;6.30657e-19;3.16303e-16;7.65848e-17;1.32166e-16;1.52988e-17;9.6449e-15;1.76592e-17;5.82318e-11;8.57536e-14;6.57445e-14;4.27738e-13;2.28807e-14;1.68201e-13;6.73339e-16;1.74798e-15;7.60549e-15;5.9877e-16;2.40318e-18;2.98168e-16;1.4654e-15;5.71098e-17;1.0683e-15;2.75324e-15;4.19855e-15;5.96508e-16;1.48252e-14;2.15805e-15;5.01436e-14;3.68459e-15;3.59844e-16;2.69349e-16;2.50482e-16;4.08915e-14;1.98948e-15;7.57789e-15;7.58721e-14;4.201e-14;3.09869e-15;4.73624e-16;3.26568e-17;2.40766e-16;9.51246e-16;3.1839e-15;1.42248e-16;9.47925e-15;3.60291e-16;9.99588e-16;1.22168e-15;1.3628e-13;1.33778e-14;4.14973e-18;5.20352e-16;4.10592e-14;5.97733e-18;4.88635e-16;4.56055e-15;3.6998e-15;7.07981e-15;2.26524e-16;4.07169e-14;1.61922e-16;5.93369e-16;4.73963e-17;8.29772e-16;8.97967e-16;6.39052e-15;2.95769e-15;1.27478e-14;1.10119e-16;1.76252e-14;1.43759e-17;2.36649e-19;1.30753e-15;2.80506e-15;2.14506e-15;7.77482e-18;5.28078e-15;5.01957e-15;4.25872e-15;8.41349e-16;1.70178e-14;1.50355e-12;4.6412e-15;6.13449e-12;8.40562e-15;1.70583e-15;1.80963e-14;6.63758e-14;2.30551e-15;1.4232e-15;4.33575e-13;4.32209e-14;2.83171e-15;3.00119e-15;4.84684e-16;2.2925e-16;6.5328e-16;1.19397e-14;6.1189e-15;9.02646e-17;3.85106e-14;6.19253e-15;5.56554e-16;1.01294e-14;6.00764e-15;2.38557e-15;3.75531e-15;2.83301e-18;3.23851e-17;4.28536e-16;4.30055e-15;5.5812e-14;6.20081e-17;1.53553e-15;1.44138e-16;6.36059e-15;5.32576e-16;1.66296e-15;2.37484e-16;3.55288e-18;1.5399e-15;1.99641e-16;6.65498e-17;2.10805e-14;6.24893e-17;1.87405e-16;1.61198e-15;3.325e-16;4.76718e-14;5.01619e-17;1.1953e-16;4.78324e-18;6.61022e-18;2.34916e-17;1.67403e-17;3.64535e-15;1.14246e-15;6.38334e-15;4.37972e-15;8.56085e-16;3.4946e-17;5.12571e-18;1.68004e-17;1.83402e-16;2.06184e-16;3.78537e-17;8.67952e-16;2.26313e-16;5.6352e-14;2.20303e-15;7.14549e-16;8.1361e-15;3.07924e-17;2.48065e-16;1.11407e-14;7.37602e-17;1.50321e-16;6.1752e-16;6.91595e-15;4.06216e-15;1.18756e-16;3.79276e-16;4.71923e-15;1.63694e-16;6.01335e-17;9.65683e-16;1.45314e-15;2.67677e-16;2.94495e-14;1.09715e-15;1.60856e-15;6.40504e-15;4.92137e-15;5.52538e-16;5.38737e-16;4.9612e-15;1.06832e-15;7.19402e-16;8.46957e-16;3.20766e-16;7.55883e-16;1.22956e-15;3.01565e-15;3.78147e-15;2.94776e-17;2.34656e-16;3.60264e-18;3.31807e-16;6.51692e-16;9.72435e-16;6.79903e-17;2.36255e-15;5.12161e-15;8.29494e-15;2.46731e-15;5.52351e-15;5.48352e-13;1.269e-16;1.79455e-16;3.96184e-15;3.99828e-16;7.90866e-15;5.87394e-19;1.6128e-16;7.18272e-18;1.97721e-16;9.32195e-17;5.44474e-15;4.73163e-14;5.15743e-14;1.87957e-15;1.66432e-16;2.89066e-14;6.61504e-16;2.17172e-16;1.10868e-16;5.62907e-17;7.24881e-18;1.23641e-15;1.34816e-15;3.33201e-15;8.99818e-16;3.31307e-15;1.71183e-16;2.15319e-15;3.15591e-16;8.84338e-15;9.60571e-16;2.01677e-10;1.58883e-18;9.73025e-15;3.66123e-17;7.892e-15;1.84368e-15;1.43681e-14;1.1948e-15;2.52706e-15;3.45775e-16;1.44382e-17;1.71119e-14;1.50086e-14;9.08925e-15;7.62207e-17;7.60222e-18;3.08537e-16;1.53124e-18;8.81924e-15;5.5777e-13;2.19915e-15;3.02892e-20;5.79814e-14;5.81858e-17;2.79804e-15;1.99277e-15;7.54607e-13;4.2274e-15;2.0467e-17;4.21148e-17;2.05967e-16;3.02354e-15;4.762e-16;2.41791e-16;8.969e-16;3.4426e-16;4.69254e-16;3.84533e-16;1.27347e-15;9.15992e-17;1.4542e-13;1.02375e-14;2.69353e-15;7.0587e-16;4.07137e-15;2.55479e-16;9.15876e-16;1.00198e-15;1.77597e-18;2.89057e-14;2.33595e-15;2.05825e-15;2.46985e-17;1.19315e-15;3.126e-15;2.35561e-16;6.12299e-15;3.43815e-14;3.49695e-17;5.63512e-17;1.48666e-16;8.65199e-18;1.4102e-15;6.00243e-15;2.58735e-10;4.66024e-14;2.01313e-15;9.23706e-20;5.47627e-15;8.63392e-15;2.30773e-15;1.5129e-16;5.41168e-15;9.06371e-16;5.28331e-13;7.61508e-19;1.30384e-15;5.51894e-15;1.25437e-15;1.11908e-14;3.68157e-13;1.04635e-17;4.50669e-16;7.71272e-14;6.16464e-16;2.6444e-15;2.49574e-17
1.01471e-11;1.03221e-12;8.21744e-15;3.7962e-14;1.22893e-13;4.93983e-16;2.16187e-14;4.7441e-12;2.95316e-15;8.63173e-14;3.96324e-10;1.12767e-15;4.84975e-16;1.15354e-13;8.489e-15;1.35175e-13;1.82321e-10;1.80223e-14;9.22896e-15;7.77354e-12;1;7.37316e-13;4.85933e-14;2.64645e-12;2.36191e-15;1.66701e-10;8.87001e-13;1.80796e-12;3.77808e-13;4.35317e-16;5.33617e-16;7.50131e-12;1.03324e-17;9.10077e-17;3.98059e-14;5.53228e-14;6.97416e-16;1.51359e-15;1.33211e-15;3.43759e-18;8.05193e-19;5.63465e-16;8.69953e-15;1.22845e-15;6.57953e-13;1.46758e-16;8.1954e-15;2.59168e-13;1.36196e-14;2.6502e-14;1.14475e-16;3.23835e-16;2.71782e-13;5.66301e-20;2.14647e-16;5.82639e-15;1.81276e-14;1.802e-12;1.06359e-14;1.42014e-14;3.77418e-15;4.7931e-15;1.23128e-14;2.1256e-12;7.73551e-15;1.08382e-13;5.23882e-15;8.17236e-15;6.99292e-12;7.06202e-13;6.62026e-13;8.56528e-14;1.19363e-16;1.12343e-12;1.6292e-11;4.93617e-14;1.8655e-14;3.48747e-13;1.70691e-14;5.14245e-13;3.58059e-15;2.89493e-14;3.03446e-15;1.21452e-15;1.47221e-15;9.47427e-17;2.27441e-16;1.09964e-16;1.29214e-15;1.56754e-14;4.78069e-13;9.06028e-14;4.8954e-14;8.37089e-13;1.02322e-13;1.96466e-11;4.58847e-16;2.3463e-14;6.39718e-13;7.16952e-14;3.11831e-15;7.22473e-16;4.87944e-13;1.26246e-14;5.88729e-16;7.36651e-16;1.40161e-13;1.20417e-14;4.38448e-15;8.25909e-16;7.99894e-19;3.26567e-14;6.18333e-13;8.18669e-15;1.06015e-14;3.51959e-12;4.64104e-14;2.02256e-13;7.59912e-13;9.77571e-14;1.67581e-14;7.24908e-15;6.2661e-16;1.10502e-13;1.71439e-14;1.51293e-16;4.08091e-17;6.6755e-17;4.20177e-15;1.86705e-18;1.47581e-14;1.79707e-15;1.43421e-13;1.46526e-15;1.06959e-19;2.16467e-14;5.65433e-13;3.53262e-14;1.2804e-13;1.70182e-12;1.12451e-16;3.68932e-14;2.3604e-15;3.52387e-14;2.00427e-15;2.74032e-15;2.09096e-14;9.51349e-16;9.83207e-14;4.61692e-15;3.02676e-16;2.7681e-14;3.2047e-16;8.26572e-15;1.58068e-16;8.28855e-15;1.48326e-15;3.72686e-16;3.6531e-14;2.6014e-13;8.55415e-15;1.42023e-14;8.00114e-14;2.36969e-15;1.29633e-14;1.10254e-14;2.17975e-16;1.14704e-14;1.00386e-12;2.23275e-14;5.54668e-14;7.10531e-14;1.55278e-13;5.8136e-15;2.71598e-15;1.95194e-14;1.09446e-13;7.95536e-15;7.83077e-15;2.44629e-15;2.23078e-13;1.76455e-14;1.47021e-13;2.10833e-13;1.06416e-13;1.5624e-10;1.63619e-12;6.07242e-14;1.22972e-14;8.38085e-14;6.23223e-14;5.51247e-14;9.00326e-14;1.22393e-14;7.73705e-16;4.78539e-17;2.19799e-12;5.58326e-14;1.99196e-15;2.87727e-15;1.6119e-14;1.48633e-12;5.06927e-12;1.64744e-13;3.56592e-09;1.00913e-12;4.48769e-12;2.86057e-14;3.19478e-13;2.27102e-14;1.01056e-12;4.67518e-14;1.04291e-13;9.55845e-13;6.84156e-12;1.18647e-12;4.8306e-14;3.04811e-08;2.23203e-16;4.67977e-13;7.38722e-16;3.6936e-14;4.30765e-13;5.45141e-15;8.10778e-15;2.37537e-12;2.61819e-13;2.57761e-14;8.78003e-13;2.00649e-13;5.26585e-13;1.10419e-13;1.529e-12;1.31654e-13;3.02619e-14;1.14442e-11;2.15309e-16;2.34332e-14;1.69524e-14;6.28343e-14;5.6225e-14;2.16126e-11;3.66735e-15;5.41075e-14;8.94995e-14;3.00466e-13;1.14833e-13;1.22947e-12;1.90905e-14;1.51237e-15;2.71599e-11;1.63946e-13;7.49721e-14;9.06171e-15;1.58742e-14;1.79466e-16;2.5302e-16;1.6895e-14;4.80174e-14;1.52904e-13;2.09431e-14;1.23574e-15;2.3772e-16;1.5638e-15;9.28142e-13;2.12802e-14;1.49626e-14;3.74725e-15;1.64114e-15;4.29372e-15;5.28287e-16;1.50737e-13;3.34574e-07;2.42267e-15;2.82074e-16;6.0259e-18;5.31463e-19;3.52185e-18;1.8915e-14;3.21515e-15;4.48368e-15;2.31796e-15;1.80707e-16;2.1849e-18;3.56824e-16;3.70644e-17;1.14016e-15;1.3307e-15;9.18847e-16;1.91125e-15;7.80379e-17;9.7199e-19;6.11526e-10;1.05093e-20;2.40023e-14;1.4313e-14;5.85317e-15;6.60071e-19;8.25492e-16;7.9125e-17;2.83076e-14;6.18192e-12;1.81417e-13;8.82869e-15;1.2085e-13;4.28426e-14;1.10505e-12;1.05848e-18;5.83089e-14;1.81255e-13;2.50281e-14;4.50294e-17;1.08557e-15;1.95249e-14;4.07534e-14;2.2876e-14;4.06078e-15;1.65629e-12;2.36899e-15;5.93555e-16;4.56311e-15;5.86527e-15;1.38523e-13;3.87388e-15;3.23278e-14;1.69171e-15;2.52849e-14;1.03914e-12;2.15432e-13;6.83748e-18;3.25486e-14;2.80106e-15;4.04302e-14;8.87931e-17;1.75688e-15;5.11656e-16;1.69854e-14;2.56793e-18;2.3139e-13;8.78151e-15;5.859e-15;1.55659e-14;2.11838e-13;3.70049e-18;1.19003e-14;1.37916e-14;7.52554e-16;2.6688e-14;8.46981e-17
1.43302e-13;8.2487e-16;9.82215e-15;9.37728e-16;2.14793e-12;2.3112e-14;3.74983e-13;7.91987e-17;1.36663e-15;2.11574e-15;2.10985e-15;2.14144e-13;4.21799e-17;1.30627e-14;2.328e-14;6.62111e-13;6.87785e-15;4.84121e-14;1.41388e-16;7.59438e-16;1.04122e-11;1.95299e-15;4.59755e-14;1.45985e-12;1.68844e-13;4.06609e-13;2.80583e-15;3.59405e-14;3.4988e-18;2.3108e-17;4.70506e-18;4.0989e-15;4.799e-16;2.96802e-13;4.16059e-17;1.87842e-12;3.37531e-15;1.00853e-15;1.18015e-12;8.03077e-13;3.82991e-17;1.46645e-17;4.54206e-17;1.52625e-18;1.44458e-12;4.37966e-11;1.35185e-12;4.30374e-14;4.71826e-16;1.77811e-19;2.06183e-14;1.30824e-15;9.78524e-14;1.65888e-16;1.69756e-15;2.43571e-14;2.53919e-13;4.40794e-14;2.25592e-14;1.87509e-13;1.26078e-11;3.14803e-17;1.85726e-14;4.25798e-12;6.8546e-15;5.83547e-13;1.75626e-14;3.21238e-14;4.24099e-15;9.9229e-16;1.12374e-15;8.71328e-15;7.25345e-17;2.59189e-14;1.66146e-13;3.03278e-14;1.31894e-14;2.73559e-11;1.81416e-12;4.32819e-13;2.29261e-15;2.6027e-15;4.27713e-15;6.5968e-16;2.96144e-16;2.39827e-15;2.38608e-14;2.85952e-17;2.00143e-13;1.09866e-14;1.03182e-14;3.52847e-14;2.82926e-14;1.15864e-15;1.22117e-14;1.01722e-16;2.74954e-15;5.81602e-13;5.23443e-13;1.14201e-16;1.54949e-17;9.1667e-18;1.70609e-11;9.13432e-16;7.85323e-17;8.92898e-16;2.5747e-13;1.57589e-13;3.49186e-15;2.98135e-10;2.97682e-16;5.44117e-14;2.3026e-09;2.73941e-14;3.84474e-13;1.30061e-14;2.1988e-15;4.98475e-17;1.22119e-14;1.34902e-12;4.19322e-13;3.01754e-14;1.41037e-13;8.27581e-17;8.85341e-19;1.44536e-18;1.09991e-13;2.49536e-18;1.62436e-12;6.08852e-18;3.84133e-13;4.81968e-14;2.78687e-13;3.33819e-11;4.19844e-13;9.63354e-14;6.34528e-14;2.7847e-14;4.73892e-14;4.93776e-11;6.02946e-13;7.93553e-14;1.31482e-13;1.16562e-11;3.19222e-12;7.95347e-12;1.30819e-12;7.97032e-14;1.61645e-14;1.61431e-14;2.44404e-16;1.3919e-14;1.17799e-18;2.52092e-12;8.16697e-13;2.96074e-14;1.02846e-11;1.62351e-13;1.71838e-13;1.30787e-14;1.18034e-14;7.0905e-15;5.99325e-15;1.93179e-13;1.31028e-15;3.49957e-15;8.89808e-15;2.29126e-13;1.36577e-14;6.77639e-14;1.98901e-13;4.98461e-15;1.11448e-14;6.6303e-14;9.5544e-15;4.6511e-15;8.5065e-15;1.8557e-13;2.15333e-14;6.38473e-14;3.53835e-15;5.78147e-16;3.3582e-16;2.07139e-13;1.31112e-14;2.86886e-14;2.4551e-16;2.32774e-13;1.46213e-13;3.36788e-14;1.14668e-13;4.66537e-14;1.14565e-15;3.60853e-15;5.4406e-15;5.99277e-15;2.3361e-13;1.70672e-13;2.29772e-13;3.22311e-13;9.5623e-14;2.27793e-14;3.56459e-14;5.75279e-15;2.4455e-13;5.75179e-14;2.2848e-13;1.83917e-13;4.11528e-13;1.27291e-14;1.6048e-11;3.60181e-14;1.81091e-12;5.08693e-15;5.22699e-16;1.62571e-15;2.75408e-15;7.10682e-15;7.13519e-13;7.24866e-14;9.72252e-21;5.84332e-14;4.78782e-12;6.57437e-14;3.04381e-14;7.11327e-13;9.0703e-15;5.64571e-16;4.96123e-15;8.19096e-18;8.48201e-17;2.81641e-17;6.59111e-16;5.13515e-15;2.05668e-15;6.40541e-17;4.10217e-14;1.17278e-15;2.69281e-15;3.55289e-12;3.86912e-13;5.97207e-13;4.65839e-15;3.68651e-15;2.92204e-15;7.82084e-17;1.85379e-16;9.50524e-17;1.44251e-16;1.94883e-17;2.66097e-14;1.98115e-18;2.16477e-14;4.54314e-14;2.33744e-15;3.61134e-14;2.23806e-14;7.21303e-15;7.00208e-14;2.5366e-13;1.61589e-14;7.70721e-16;6.81325e-12;1.08453e-15;8.82409e-16;7.33904e-18;2.42823e-13;3.97345e-14;8.93506e-15;1.03958e-14;7.62287e-14;1.40855e-14;3.45619e-20;2.39544e-16;4.14869e-17;1.85425e-18;4.68348e-15;6.5282e-19;9.8244e-17;6.97954e-21;1.25075e-11;1.17629e-13;1.77879e-13;2.30097e-12;4.07202e-12;3.03197e-17;2.60484e-15;1.50173e-17;4.82238e-17;1.4661e-18;7.24076e-19;4.80107e-17;1.21494e-14;5.4361e-23;3.68891e-13;1.59515e-13;6.47671e-15;2.10075e-14;1.1493e-11;1.62912e-14;5.18736e-13;8.19456e-14;3.13382e-15;5.76551e-14;1.96424e-09;1.52034e-12;2.54157e-10;2.64767e-14;1.75088e-10;4.3457e-12;1;3.3461e-08;4.20488e-10;2.10896e-14;3.63377e-16;1.05302e-16;2.36098e-15;7.08699e-17;1.20871e-15;8.51512e-16;9.32165e-18;1.42972e-12;1.80904e-14;2.81094e-17;1.17859e-14;1.59746e-14;4.28077e-13;9.27007e-16;9.93741e-15;2.04209e-16;1.1532e-14;2.38055e-16;1.95799e-15;1.3645e-12;1.88113e-15;7.9828e-14;1.79773e-13;3.91943e-13;4.79659e-14;2.2484e-15;2.76902e-20;4.55888e-18;1.63972e-14;1.36203e-20;6.12069e-17;1.09811e-14;9.94304e-16;4.3917e-11;5.4638e-13
3.72944e-11;3.75243e-13;1.99501e-14;6.5935e-15;3.44884e-13;9.59413e-13;4.80156e-13;8.95115e-14;7.43658e-15;1.61569e-14;5.94471e-13;7.92911e-15;1.27011e-16;1.1344e-14;7.82423e-14;1.88464e-12;3.26917e-13;1.33202e-13;4.5156e-16;3.85938e-14;4.79688e-09;1.93497e-13;1.81821e-13;4.86611e-12;1.7435e-14;8.34071e-13;4.57163e-14;1;1.88821e-13;4.27381e-14;4.20577e-15;8.18715e-08;1.76419e-12;1.85361e-15;7.9367e-14;1.78045e-13;3.2964e-14;4.17522e-14;2.51457e-14;3.27637e-13;3.90724e-16;8.22841e-12;3.2172e-12;1.40826e-14;4.49376e-10;6.00547e-11;3.78416e-13;1.59248e-13;3.20371e-14;3.1563e-14;2.24807e-11;2.33737e-10;5.14985e-14;2.58833e-15;2.4936e-16;1.89364e-12;5.13303e-14;2.15993e-13;4.971e-13;7.79519e-14;8.60932e-14;6.38685e-14;6.63021e-15;2.59736e-13;5.60186e-14;4.49392e-14;2.01176e-13;9.1172e-15;7.8682e-13;9.07829e-13;1.35642e-14;1.26724e-13;4.27514e-14;5.36047e-13;1.40301e-13;6.40128e-14;6.71695e-14;1.03481e-12;1.13727e-12;5.22971e-14;3.63568e-14;1.58858e-13;1.78363e-13;1.84539e-14;1.11513e-17;6.68272e-14;2.60257e-11;1.4243e-14;5.89321e-14;2.80164e-14;6.82637e-14;1.28585e-13;2.95311e-13;4.92726e-13;1.58336e-14;1.85136e-14;8.05212e-13;2.33806e-13;8.14348e-14;4.60652e-14;3.41982e-13;8.08766e-15;5.61859e-10;3.17429e-13;6.27701e-15;1.20087e-14;3.40763e-13;8.35768e-14;1.66492e-14;5.23437e-12;1.63483e-14;2.5672e-13;7.5538e-12;1.75512e-13;3.28609e-13;1.01104e-10;8.68285e-13;6.00976e-12;1.83526e-14;2.16702e-15;8.84839e-13;3.44114e-12;2.77628e-13;5.33933e-13;1.53069e-14;8.06358e-15;1.97176e-12;3.18624e-13;2.81239e-15;1.11265e-13;3.11789e-14;5.57142e-14;4.36319e-13;3.54772e-16;4.80911e-13;3.03794e-15;6.70763e-14;6.29425e-13;9.6688e-15;1.68889e-12;1.88804e-13;3.90444e-14;2.16954e-14;4.28418e-14;4.77296e-14;4.42619e-13;2.07763e-12;9.40793e-15;1.21716e-14;2.2536e-12;6.72398e-15;1.31136e-15;9.33554e-16;4.12471e-13;6.71239e-13;9.89946e-15;2.00606e-17;9.48905e-15;8.82682e-16;2.73423e-14;1.5297e-13;1.31486e-14;6.23483e-13;2.67732e-13;6.64833e-15;1.13218e-15;1.39107e-16;3.0566e-14;3.00764e-15;4.94253e-14;1.39101e-12;7.67292e-14;3.1989e-14;1.05181e-11;9.09077e-15;1.17938e-14;1.63389e-13;7.47554e-14;1.90057e-14;2.02481e-13;4.26027e-13;1.61259e-14;1.341e-14;5.17628e-12;5.92231e-14;3.11282e-12;1.82836e-11;1.26803e-13;1.52392e-13;4.31748e-13;4.38229e-14;1.6709e-13;3.95171e-14;5.43794e-15;4.73579e-13;2.31158e-15;9.08725e-15;5.58047e-14;5.72403e-15;2.13993e-14;2.44495e-13;9.4423e-14;2.49934e-13;8.54356e-14;1.09118e-11;3.72113e-12;6.37533e-13;4.42004e-13;5.77753e-14;1.90219e-13;1.10301e-13;6.07242e-13;1.92621e-13;3.53318e-14;6.01164e-14;5.88747e-13;1.9511e-14;1.72243e-10;3.64924e-14;1.93078e-14;1.13928e-16;3.16161e-14;3.71711e-13;3.83953e-14;1.48497e-14;2.68717e-14;4.00624e-14;2.46862e-14;7.99101e-15;1.7758e-15;4.11681e-14;1.69621e-15;1.74074e-14;3.00388e-14;3.7209e-14;1.08634e-13;3.49552e-14;1.03609e-13;1.13969e-14;3.18793e-14;1.96102e-13;8.49932e-13;6.90368e-14;1.28563e-14;5.00397e-14;1.21911e-13;8.34877e-13;4.51607e-15;1.76771e-10;5.19082e-10;1.83409e-14;5.83171e-17;1.46145e-13;7.84556e-14;3.97615e-14;5.54259e-14;3.79524e-13;1.1249e-13;8.60898e-14;1.59751e-13;6.25304e-14;5.0628e-15;1.22573e-10;2.07312e-11;3.28422e-13;5.58328e-15;1.67085e-13;1.74636e-14;2.31726e-14;1.11785e-14;3.00929e-13;1.24159e-13;1.12922e-10;5.0315e-13;7.40989e-14;1.22711e-13;4.2125e-11;1.59959e-15;9.88089e-11;6.71585e-17;2.16791e-11;2.03875e-13;2.68951e-13;3.13468e-14;1.8201e-12;4.38518e-13;4.08486e-15;5.58231e-14;2.32726e-12;3.19057e-15;1.08223e-12;2.25299e-15;5.12338e-13;5.38702e-17;1.61303e-14;3.11294e-14;6.41648e-14;1.10511e-16;7.97618e-14;2.41796e-15;2.38458e-14;6.63249e-15;2.81667e-14;6.51763e-14;1.4079e-11;5.26564e-11;1.73479e-17;7.13047e-16;7.89634e-14;1.1626e-13;1.28046e-13;1.4679e-13;6.07175e-16;6.40459e-14;3.0213e-13;3.32108e-14;1.82102e-13;1.11444e-13;5.28442e-10;4.84919e-15;2.17412e-14;1.67097e-13;3.63611e-13;3.55205e-13;5.92864e-13;2.05517e-14;2.36542e-10;5.50884e-11;4.44022e-13;3.65707e-15;1.3709e-12;1.11864e-12;5.39166e-13;5.84436e-12;8.83781e-14;7.39509e-14;5.82625e-11;1.51312e-11;3.63809e-14;1.46898e-13;4.71674e-16;1.5912e-13;2.11459e-14;1.74939e-13;1.8027e-13;1.2644e-13;2.12012e-15;1.37154e-14;5.90867e-14
7.34376e-15;1.72699e-14;8.06961e-17;4.69488e-17;8.92508e-14;7.7751e-14;6.54637e-17;3.10812e-15;3.11837e-16;9.6709e-16;1.41348e-15;5.14221e-16;1.9416e-16;9.46244e-16;1.33688e-15;2.85171e-15;6.86588e-13;1.1806e-15;3.0821e-16;8.75894e-16;2.74538e-11;5.33272e-17;6.73895e-16;1.03164e-14;9.3689e-17;1.05381e-16;6.32878e-16;3.84812e-12;2.73164e-17;1.09157e-16;5.88903e-18;6.02365e-13;7.7789e-15;1.40911e-20;3.47812e-13;7.90542e-17;3.38694e-16;1.35327e-15;2.95057e-15;7.65169e-18;3.12125e-17;1.08269e-14;2.75973e-17;1.9024e-18;3.93858e-14;3.92812e-17;3.58133e-18;1.18041e-17;4.65947e-16;3.29819e-14;3.34474e-18;1.02732e-14;5.41818e-20;1.34434e-17;9.33185e-17;1.52648e-14;8.5121e-17;8.42888e-15;1.53893e-14;3.44925e-16;9.83587e-15;1.20429e-16;1.51616e-16;1.85667e-14;3.61888e-16;4.6388e-15;3.24374e-14;3.14217e-15;3.52977e-16;1.43062e-15;1.22316e-15;1.60431e-15;1.02506e-15;9.52135e-15;1.25698e-17;6.53506e-17;6.64699e-16;1.81783e-15;8.25942e-15;7.9845e-17;3.26316e-15;5.61157e-15;2.16506e-13;5.06979e-15;1.74137e-15;1.25345e-14;3.09777e-12;1.33701e-15;1.79437e-15;1.38934e-15;7.97066e-16;3.69123e-14;2.34204e-14;6.37188e-15;1.81127e-14;4.6248e-13;3.5115e-15;1.92953e-16;2.24329e-15;3.29816e-16;8.61208e-16;2.85582e-16;9.59242e-11;5.72989e-17;3.00378e-16;7.15748e-16;3.96899e-16;6.29495e-16;9.68258e-16;3.15999e-12;1.83342e-14;4.7904e-15;4.38818e-15;3.63056e-16;3.19984e-17;9.76481e-14;3.4505e-14;9.41887e-17;2.0867e-16;4.43181e-18;7.5121e-15;4.59242e-16;1.83096e-14;6.49585e-17;3.52035e-15;2.46816e-17;6.16421e-17;2.74853e-17;2.07178e-19;1.59094e-18;1.1947e-17;1.97493e-15;7.71109e-15;5.13066e-17;1.29957e-16;2.13723e-17;8.3089e-16;1.58396e-14;5.9663e-16;1.47309e-13;2.94515e-15;1.27893e-15;8.04745e-16;5.06825e-16;1.54326e-13;3.85129e-15;3.9214e-13;1.10645e-16;7.91532e-17;7.05806e-14;1.64244e-15;4.45161e-15;1.77753e-17;2.49508e-16;4.68344e-17;7.65364e-17;4.92614e-17;3.41493e-16;2.28692e-16;1.38161e-15;5.05004e-15;1.41646e-15;3.12106e-15;1.92938e-14;1.07863e-15;2.31373e-15;9.49079e-16;2.47556e-15;7.35307e-15;5.89782e-15;4.17244e-15;4.61239e-15;1.58336e-15;1.40811e-14;8.52647e-15;4.96768e-16;5.92409e-14;2.06693e-14;8.72231e-15;4.88239e-14;2.1501e-15;1.70954e-15;1.14995e-15;5.15279e-12;2.94763e-15;9.5764e-13;7.9928e-14;3.36669e-13;6.81073e-15;3.32332e-14;3.14406e-14;1.85276e-15;1.05627e-15;8.8819e-16;4.86566e-15;6.82489e-16;4.1798e-15;2.21171e-14;2.64048e-13;3.06762e-15;2.59872e-15;1.12321e-15;3.04217e-15;9.1599e-16;2.7157e-13;2.50843e-14;2.0608e-12;8.58253e-14;3.19695e-16;2.00238e-15;1.95116e-14;2.07332e-14;1.65533e-14;1.01063e-15;5.35931e-18;2.08275e-15;1.32479e-16;1.8396e-13;5.71664e-14;2.99505e-17;7.14838e-17;2.22609e-16;3.0611e-15;1.44429e-15;4.69718e-17;2.48793e-16;1.64204e-14;2.89128e-15;2.13446e-16;1.41981e-12;2.00704e-15;6.07568e-15;1.26175e-17;1.19587e-16;3.73198e-16;3.38109e-16;1.62938e-14;2.67337e-16;4.07318e-14;1.10184e-16;1.11353e-14;4.75411e-15;3.0802e-16;3.55593e-16;5.96205e-16;3.28011e-16;8.90418e-16;7.2745e-16;4.4078e-13;1.21154e-11;4.27568e-16;9.02456e-17;3.506e-16;2.53508e-16;2.68032e-16;1.20291e-13;9.30494e-16;1.85071e-16;7.43269e-16;5.17232e-16;1.33492e-16;2.8316e-16;7.6219e-17;3.10785e-12;5.49024e-18;3.86003e-16;3.52972e-16;2.91218e-16;2.55602e-16;4.49512e-16;1.22311e-15;5.61962e-17;1;2.02267e-15;2.0917e-13;1.79356e-13;1.10438e-08;2.34651e-14;1.1368e-09;7.07295e-09;3.05487e-13;1.94744e-11;3.23539e-13;2.60177e-09;2.41114e-11;4.29351e-10;1.32238e-16;3.53394e-18;9.36046e-17;3.25487e-17;1.76437e-13;3.91372e-17;1.01853e-19;2.57999e-16;6.5321e-17;2.78703e-16;8.85391e-15;1.12868e-17;5.14169e-16;9.15352e-17;1.13073e-15;1.28653e-17;4.38491e-17;1.64714e-17;2.07557e-13;6.30712e-16;1.26812e-21;2.23312e-18;6.63854e-16;1.30162e-15;1.7508e-13;1.88444e-17;2.68068e-18;2.30971e-16;6.35417e-16;5.47969e-14;9.22872e-16;8.66965e-15;5.93966e-12;2.09117e-21;8.79317e-14;2.06369e-15;3.2497e-14;1.05284e-20;3.23379e-17;2.08635e-16;4.23528e-14;2.91456e-16;2.50631e-18;3.57463e-15;7.37518e-16;2.24645e-15;1.59165e-15;1.7433e-15;5.28748e-17;1.92239e-18;3.5096e-16;5.66325e-19;4.38008e-17;6.36087e-16;3.85809e-14;3.82742e-19;1.03332e-17;1.10296e-15;3.6092e-16;5.68737e-16;4.7788e-17;8.36281e-16;5.70789e-18
5.63105e-22;2.62977e-19;4.31085e-21;6.62205e-20;2.24784e-17;3.77577e-19;1.94476e-18;1.89858e-17;2.49721e-18;6.18121e-18;1.00982e-14;1.65991e-16;3.28438e-19;9.79883e-18;1.36396e-17;1.03223e-18;1.63823e-17;1.25749e-17;2.16999e-20;8.48761e-19;8.01512e-16;9.0668e-19;2.53821e-18;1.22614e-16;7.50878e-18;2.56753e-17;8.66228e-19;2.24747e-17;2.17179e-22;1.09973e-22;1.02038e-21;9.59064e-17;6.40563e-18;4.32991e-15;4.37991e-20;6.95722e-18;3.75987e-18;3.9593e-18;1.92704e-16;2.0108e-15;5.20472e-18;2.69428e-19;1.54501e-18;5.13355e-21;5.4703e-16;1.8888e-17;1.13108e-17;3.11413e-20;1.6684e-20;1.28082e-21;7.06337e-20;5.16018e-19;1.10488e-20;2.08127e-20;4.5242e-17;3.33536e-17;3.91187e-18;6.21812e-18;1.08212e-18;4.05334e-18;1.62527e-18;2.06694e-19;2.37201e-18;1.46404e-19;6.74547e-19;3.60744e-16;2.71013e-16;3.03251e-16;4.20579e-19;6.98013e-20;3.16456e-19;2.61124e-14;7.54592e-17;1.81714e-14;1.20235e-19;5.14502e-18;2.55995e-18;3.68366e-15;3.39359e-16;1.7064e-17;1.08764e-17;5.19185e-16;5.3467e-18;4.88944e-19;1.11975e-15;7.95366e-17;3.19191e-18;1.64533e-18;7.23012e-17;2.49148e-18;2.15405e-18;7.0289e-18;2.09832e-18;1.15792e-15;8.43498e-16;1.96913e-17;1.88112e-20;3.66904e-17;1.83474e-17;4.64706e-20;2.71658e-20;9.23468e-21;3.01369e-14;3.9226e-19;7.2703e-19;1.73437e-19;1.24194e-16;1.07417e-17;7.22575e-18;1.93681e-13;4.1077e-13;4.34494e-14;1.41444e-15;8.07163e-19;5.72841e-19;4.55682e-19;4.16806e-18;6.41011e-16;1.06515e-18;1.69064e-15;1.81231e-14;2.06005e-13;2.03475e-15;2.29339e-23;7.59215e-23;1.18139e-22;1.1393e-24;7.94082e-21;3.77152e-19;4.79366e-22;4.30299e-17;1.16342e-18;7.08019e-19;3.56684e-13;1.1744e-13;3.47727e-15;1.3471e-19;1.06255e-19;4.86161e-20;4.18818e-18;4.79723e-19;1.21716e-17;1.72056e-19;3.06467e-17;3.89809e-15;5.82683e-15;1.71082e-16;6.15558e-18;9.54667e-20;3.51371e-20;5.40674e-20;2.39048e-19;5.2672e-20;2.18948e-19;1.58015e-20;2.49992e-18;6.95208e-13;9.14413e-14;1.93671e-14;1.13974e-18;1.0351e-18;2.55023e-18;7.50828e-18;1.19393e-17;4.28001e-19;1.80591e-19;2.02569e-13;3.14915e-14;1.29922e-14;1.10441e-17;1.53369e-17;1.38887e-18;1.23393e-19;2.48756e-17;1.67999e-17;5.9779e-19;4.30786e-20;3.96234e-13;2.57643e-14;6.69494e-15;8.33036e-19;1.98791e-19;2.25964e-20;8.83833e-16;7.83458e-18;4.71724e-20;8.11064e-21;1.80981e-15;6.40322e-15;2.08739e-16;1.05029e-15;6.27191e-18;1.75464e-19;5.48695e-18;3.35051e-20;2.29878e-17;1.46033e-18;1.00157e-18;3.7447e-14;2.39366e-14;4.60664e-16;1.97366e-18;1.82629e-19;4.06186e-19;2.47123e-18;5.45455e-19;2.40812e-16;2.33e-18;3.5083e-17;4.65791e-18;2.22937e-12;6.6704e-16;4.70572e-15;2.97111e-18;9.84699e-21;1.76042e-20;3.34167e-20;1.32884e-15;1.55605e-16;1.12548e-16;7.83384e-22;5.45596e-18;1.71164e-17;4.22556e-18;3.70693e-18;4.99823e-18;5.24609e-19;8.2116e-19;2.66668e-15;3.13152e-15;8.59233e-19;1.31695e-18;4.49502e-20;1.20937e-19;2.62273e-19;3.41685e-17;8.34699e-16;8.86759e-18;6.89347e-21;1.37539e-17;4.45526e-18;1.90904e-17;1.17154e-18;1.98961e-18;9.81682e-19;3.24639e-20;8.19645e-21;1.2325e-19;1.73226e-16;8.14967e-19;1.65115e-15;4.59992e-19;5.81982e-18;9.81128e-18;1.56163e-18;3.89258e-14;2.39364e-18;1.59715e-16;2.42408e-16;4.98721e-17;4.74787e-20;4.28931e-19;1.26343e-18;1.17468e-18;1.77157e-19;2.44404e-21;4.92822e-18;3.4717e-18;9.89826e-19;9.49156e-19;2.23346e-18;2.88867e-18;1.68661e-13;8.20845e-17;1.25345e-18;2.88291e-19;1.27384e-09;2.64097e-14;1.19494e-14;4.7099e-15;6.64609e-14;8.74643e-15;8.25102e-15;1;2.14629e-10;1.10277e-13;1.44436e-15;1.55131e-21;4.83415e-23;1.09906e-21;9.49415e-17;1.58788e-17;2.24473e-18;6.88062e-23;6.88687e-17;1.30578e-17;1.46811e-18;5.10318e-14;4.59207e-17;1.25447e-16;5.92391e-18;7.90925e-23;5.23503e-23;2.36023e-21;1.87317e-20;1.45786e-18;2.86997e-21;1.72741e-22;1.54792e-17;4.18111e-19;1.14526e-10;2.86465e-14;2.806e-15;1.70813e-17;2.29907e-18;3.47233e-19;6.79303e-18;4.80859e-15;9.20546e-17;2.29144e-21;3.21541e-21;1.74271e-16;6.49583e-17;3.65542e-21;6.92743e-19;4.90873e-18;1.91835e-20;3.20105e-17;1.67633e-18;2.99147e-18;9.94179e-19;2.7432e-20;4.05934e-19;1.40371e-16;1.68363e-18;2.91684e-18;1.06514e-18;8.88575e-25;3.68352e-18;2.38673e-20;2.7364e-17;4.14748e-18;4.33314e-19;1.59096e-15;1.84959e-18;4.40631e-20;1.51651e-18;1.97907e-19;4.18259e-18
4.50821e-13;5.68902e-13;2.38216e-13;2.00207e-13;1.32054e-11;2.26924e-13;3.35879e-13;3.63211e-10;3.4691e-13;2.22739e-12;1.80144e-17;1.04182e-12;3.12373e-12;5.08107e-14;1.01507e-12;3.11968e-13;2.91762e-12;2.93367e-13;2.43102e-12;1.36419e-12;5.56126e-12;2.63649e-14;1.51181e-13;1.00314e-11;1.51028e-13;1.7489e-13;2.06992e-10;1.24623e-11;3.59341e-17;8.37727e-15;1.03892e-16;6.91708e-15;6.33415e-16;1.09051e-14;8.35718e-13;5.78362e-15;1.00677e-13;3.43353e-13;7.42023e-14;5.82377e-15;3.19817e-15;1.24992e-14;2.07701e-12;4.36013e-14;6.385e-11;1.65064e-14;1.91008e-13;4.52379e-15;1.31214e-13;1.38539e-15;3.72023e-11;2.98219e-15;4.76294e-14;2.13015e-11;1.50571e-14;1.35573e-11;3.04934e-14;5.93564e-14;2.59476e-13;1.31579e-14;9.69494e-14;1.87031e-13;1.71145e-13;1.4995e-12;1.04482e-14;9.87197e-13;3.70379e-12;2.43351e-13;7.18568e-16;2.49449e-15;8.53312e-15;1.23392e-14;2.50627e-14;4.65425e-16;5.67961e-13;3.02532e-14;2.30436e-13;2.62772e-12;1.2128e-12;4.84058e-15;2.47472e-13;5.49666e-16;8.02697e-14;4.68668e-14;1.28289e-13;5.53157e-13;6.97133e-13;1.76809e-12;1.6263e-13;6.86009e-13;2.75695e-14;2.08548e-12;2.11096e-13;5.89935e-12;4.56015e-14;7.93229e-14;9.71019e-11;1.82621e-13;3.10673e-13;8.15444e-16;2.02134e-13;4.25291e-14;9.04159e-13;1.00473e-11;3.68439e-16;8.06283e-12;1.20994e-12;2.18747e-13;2.22626e-13;1.73352e-12;6.58086e-11;1.76198e-13;2.8745e-14;9.95093e-14;7.8066e-14;1.41965e-13;6.22563e-13;2.93046e-15;1.80533e-11;3.56111e-14;2.03389e-12;7.83334e-12;7.11703e-13;1.14091e-18;3.92791e-15;3.71597e-17;5.6613e-16;1.55267e-14;7.63154e-18;5.07127e-12;6.45748e-15;1.72451e-14;4.7706e-14;7.74311e-10;8.65161e-12;1.98486e-12;2.85729e-15;6.00968e-15;8.29859e-14;3.4501e-15;5.51965e-15;6.31671e-15;3.28321e-11;5.69032e-14;6.19377e-12;1.08872e-13;4.49307e-13;1.9774e-13;3.95579e-16;1.61801e-14;6.76122e-14;8.70316e-13;2.64259e-16;8.39223e-16;1.72212e-12;1.47945e-14;1.58886e-10;1.16257e-10;4.74375e-12;3.53419e-14;9.2668e-13;1.81055e-13;9.54547e-13;6.16825e-14;1.53551e-14;1.37928e-11;2.70466e-11;1.0069e-12;3.3804e-13;5.02073e-13;1.19069e-14;2.70667e-14;4.34986e-14;1.15893e-15;2.66102e-12;2.49909e-17;8.57092e-13;1.77501e-13;5.28481e-13;3.61317e-13;9.24385e-15;2.11707e-14;3.45448e-14;3.16016e-12;1.47655e-12;1.20075e-12;2.77735e-11;7.82751e-12;2.97013e-12;2.28913e-12;8.65763e-12;9.77675e-15;8.68582e-14;2.60638e-13;1.41602e-16;1.78371e-12;4.08686e-14;4.00326e-11;1.79942e-11;5.77437e-12;1.64662e-13;2.72839e-15;8.12515e-14;2.48646e-14;5.76581e-14;6.62413e-14;4.39671e-13;8.76443e-11;5.16072e-14;1.02184e-12;3.20744e-12;8.66573e-13;7.14768e-13;4.51586e-13;7.53297e-17;1.92276e-14;1.06848e-13;4.65314e-13;8.39404e-16;9.4033e-15;2.07761e-14;3.20547e-14;8.32435e-14;2.92472e-14;9.94696e-14;2.64864e-14;2.47184e-13;2.29805e-13;2.101e-11;1.62959e-10;4.6701e-14;1.77124e-09;6.60274e-16;9.61197e-14;8.34611e-15;3.49922e-13;2.8123e-13;7.29352e-17;4.28693e-12;1.20639e-14;1.91214e-13;5.20679e-12;1.17994e-12;2.14465e-14;1.84887e-13;6.67103e-16;7.05831e-15;2.10677e-15;2.22241e-11;1.59814e-15;1.49421e-15;9.75653e-12;1.59325e-14;1.67013e-13;6.27184e-14;2.18763e-11;6.96761e-13;3.43472e-12;1.08504e-12;1.25452e-14;1.61745e-14;4.38824e-13;4.55541e-14;8.86321e-16;5.09388e-15;6.09869e-11;4.4512e-14;1.47457e-13;8.73708e-13;7.67138e-13;4.80532e-13;4.03941e-13;4.64728e-14;3.1203e-17;1.49682e-15;9.67011e-16;3.02407e-17;4.39943e-14;1.19797e-16;2.94273e-14;8.25584e-15;7.92417e-13;3.93379e-13;3.7367e-11;4.75079e-11;2.28814e-13;4.11069e-12;1.64273e-16;2.8346e-15;6.19306e-15;5.7966e-15;6.94345e-12;2.07269e-18;4.92202e-07;2.29365e-13;8.49643e-12;7.58108e-13;1.31152e-11;6.68801e-11;1.89183e-11;9.02572e-14;5.05079e-17;3.07176e-16;9.33746e-16;2.04696e-14;3.63268e-12;1.05642e-17;8.7156e-14;6.45217e-14;3.89657e-14;1.3423e-11;5.83286e-11;2.49337e-13;4.55098e-10;1.82357e-11;4.09621e-09;1.17726e-10;1;1.63879e-08;5.02719e-10;8.58412e-09;4.75398e-09;2.61566e-10;1.58923e-16;5.75566e-15;9.85536e-13;5.52131e-16;5.1288e-14;1.90978e-13;6.49303e-12;1.05397e-13;1.29858e-13;2.37026e-13;4.97023e-11;7.49861e-14;1.89251e-13;7.36302e-11;4.25146e-16;2.58235e-14;1.17904e-14;5.60443e-15;6.05015e-12;6.66696e-15;1.78027e-09;3.69297e-13;2.18512e-13;5.37385e-13;1.36679e-13;1.34918e-11
2.0355e-11;3.02459e-11;2.38675e-12;9.14471e-13;1.93161e-10;3.20047e-12;2.54448e-12;4.68049e-12;1.33878e-12;7.45594e-12;9.75626e-12;2.72542e-10;3.50538e-12;9.78393e-13;2.68743e-11;3.18726e-11;1.6319e-11;5.54837e-12;1.60295e-10;2.10464e-12;4.47241e-13;9.15939e-13;2.55685e-12;3.4e-12;6.32646e-13;6.58661e-13;2.17479e-13;4.74433e-13;2.36976e-14;1.37918e-12;1.14262e-14;1.26258e-13;1.08001e-16;2.451e-11;5.43996e-16;2.77927e-13;2.00437e-13;3.74117e-13;1.61718e-15;9.5358e-14;3.98845e-13;1.2742e-12;8.42624e-13;7.33432e-16;4.68893e-11;1.27191e-13;8.68152e-14;1.20617e-13;4.66852e-12;1.57866e-14;1.70157e-11;3.59245e-13;4.16479e-16;2.42258e-16;2.72995e-12;4.34409e-11;1.72907e-14;1.49747e-12;6.50526e-13;3.55576e-13;7.64726e-10;1.19177e-10;9.38029e-12;1.52485e-13;2.48825e-13;3.14974e-12;2.44098e-12;1.87358e-12;1.85127e-13;1.76468e-12;3.54056e-12;1.60043e-10;1.715e-13;2.95626e-15;6.75169e-14;8.78495e-13;1.47865e-12;1.15924e-13;2.57169e-13;2.12421e-14;1.23543e-10;4.60591e-14;1.12757e-12;2.96201e-12;8.36299e-10;3.32719e-13;4.38389e-12;5.79673e-17;3.83321e-12;5.5628e-13;1.01357e-12;4.82765e-13;1.87715e-13;2.47876e-11;6.1656e-14;1.37961e-15;3.18808e-13;7.56952e-14;6.37869e-14;1.0501e-14;7.10885e-14;9.62894e-14;1.74701e-12;7.59121e-15;1.89056e-13;1.9489e-15;1.71514e-12;3.99942e-13;8.5385e-13;2.81665e-14;2.07146e-14;8.07531e-14;3.48749e-10;9.30885e-13;1.59459e-14;1.85346e-13;1.55155e-12;1.27503e-13;2.33544e-13;2.69509e-12;6.38657e-13;5.51613e-14;1.2808e-12;1.44085e-14;1.29362e-13;2.27839e-12;1.34696e-10;1.27765e-16;1.39954e-12;1.44889e-15;1.29452e-11;1.60324e-13;1.45363e-12;1.31227e-10;5.95914e-14;5.70553e-15;1.29413e-12;4.89573e-13;7.32226e-12;3.30222e-11;1.46543e-10;3.11729e-13;1.31494e-12;8.70763e-12;3.30813e-14;3.57999e-12;9.78844e-14;5.59392e-09;2.13029e-09;2.9018e-08;4.54812e-10;0.99971;1.98023e-08;2.09105e-09;4.08377e-07;3.40076e-11;1.43519e-07;7.76254e-10;8.2315e-10;4.32251e-13;3.38089e-12;1.67866e-12;9.6282e-12;1.17973e-12;7.44137e-14;9.79503e-16;1.07583e-13;4.0674e-13;1.63824e-13;1.94945e-11;8.71739e-13;1.54215e-12;1.39875e-12;2.16707e-09;5.25872e-12;1.30842e-12;1.28963e-15;1.19983e-13;1.16486e-12;1.84367e-13;2.75628e-13;7.98661e-13;7.04494e-13;2.28126e-09;1.27747e-13;3.88821e-14;2.9492e-14;4.43993e-14;1.15523e-13;1.10621e-12;6.20524e-11;6.42594e-13;1.86059e-12;2.046e-11;1.21798e-10;7.17864e-12;2.96009e-13;3.67012e-12;5.24533e-15;1.31623e-12;3.63794e-13;2.12323e-12;2.3021e-12;1.89157e-12;2.2016e-08;6.36104e-14;3.06692e-12;1.0342e-12;8.62663e-13;6.38006e-12;3.27755e-11;3.5484e-14;1.50562e-12;2.0863e-12;8.16368e-14;1.01823e-13;2.37927e-13;1.69913e-11;1.25235e-12;2.57908e-12;1.28605e-15;5.99603e-13;2.26605e-11;6.65743e-13;2.39957e-13;5.04916e-12;9.40028e-13;2.6462e-12;3.78054e-08;1.36094e-12;3.12287e-13;3.45187e-14;1.07445e-13;9.13175e-13;9.24022e-13;2.30884e-10;6.88109e-14;5.30407e-14;3.02648e-15;5.62331e-13;1.748e-12;1.62966e-12;5.00277e-13;1.73789e-13;4.46986e-12;5.62342e-14;6.52959e-13;8.4164e-13;8.93476e-09;1.38402e-13;4.90926e-14;3.29416e-14;5.30435e-13;4.14925e-12;1.19789e-13;8.25971e-13;4.28677e-13;5.48997e-15;8.63192e-12;1.28041e-13;1.07381e-12;3.41494e-13;1.05315e-12;7.64696e-11;1.7754e-16;2.60222e-15;1.08194e-12;5.53045e-13;8.80271e-12;3.70689e-14;4.77182e-13;1.14934e-15;9.02839e-22;9.55459e-15;2.09349e-13;5.93039e-13;0.000289539;4.32901e-15;4.54202e-11;8.98597e-16;3.75984e-13;4.60404e-11;1.23379e-11;3.8634e-14;8.18573e-13;3.71043e-13;4.36045e-13;4.17033e-15;7.57487e-13;5.03592e-14;7.67659e-15;2.80452e-12;1.18454e-16;2.41639e-16;1.83816e-11;5.63627e-12;2.15532e-13;3.65345e-12;3.80947e-12;2.51708e-14;2.3481e-12;3.65813e-13;1.9305e-13;1.13406e-14;1.28005e-09;2.26427e-12;2.88678e-17;9.00909e-20;2.58179e-12;1.8352e-13;8.84935e-11;2.04327e-13;4.23727e-14;2.75025e-13;1.11521e-13;6.03392e-12;1.54371e-12;3.88056e-13;8.10536e-11;5.83413e-16;3.66951e-17;4.15988e-13;2.13425e-13;2.91617e-19;1.7231e-12;5.9758e-11;1.32219e-10;3.33347e-11;1.64805e-12;7.35678e-13;9.61198e-12;4.31399e-12;1.058e-12;4.27139e-14;2.20529e-12;1.75665e-12;2.20177e-11;2.23843e-16;5.84123e-13;1.26446e-12;3.35268e-09;1.6189e-08;1.28992e-14;9.68666e-15;2.26662e-13;2.08412e-12;1.95144e-13;3.05592e-14;1.53397e-14
1.13027e-15;5.20942e-17;2.26108e-15;3.24348e-17;7.38225e-14;3.80216e-14;6.46577e-17;2.02455e-12;2.09951e-14;8.84672e-14;7.67921e-15;1.85939e-18;3.1949e-14;5.98948e-16;3.97814e-14;3.41257e-13;2.87364e-14;1.64153e-14;7.61551e-13;6.3149e-13;9.70701e-15;2.71194e-15;2.77426e-14;4.68929e-17;8.64382e-15;1.3222e-10;6.15248e-13;2.9386e-15;8.01333e-18;1.69773e-16;1.2571e-16;3.59274e-16;2.44875e-16;2.96489e-10;1.27119e-16;8.05959e-15;3.38908e-15;2.45659e-14;7.43835e-17;2.41187e-16;1.29303e-11;5.16702e-19;3.20649e-15;2.14958e-17;3.49607e-13;3.59839e-13;2.67976e-16;5.89521e-17;4.54302e-15;2.14847e-18;5.888e-16;2.1356e-19;1.1301e-12;1.97477e-14;1.20072e-15;2.48474e-15;9.97968e-13;4.75689e-17;1.72159e-15;4.25798e-16;1.29525e-15;3.57052e-16;2.11448e-09;3.45186e-16;2.94503e-15;2.24983e-14;3.56772e-15;1.87913e-13;5.9995e-17;1.22083e-15;6.95976e-16;6.00203e-18;1.15942e-14;5.36685e-11;2.15986e-15;2.37151e-14;2.29861e-15;2.73202e-13;1.97239e-15;4.38308e-12;5.7652e-16;1.62707e-17;2.43306e-16;8.62508e-17;2.31535e-15;3.83352e-16;2.18311e-11;3.91026e-14;1.23337e-14;1.36174e-15;5.21128e-16;8.18365e-15;4.2494e-15;9.07139e-15;4.40235e-15;1.1151e-13;1.61241e-12;3.2985e-12;4.67522e-14;1.32998e-17;4.53165e-15;4.05276e-16;5.05309e-14;7.50174e-17;9.3251e-13;7.15654e-15;7.30526e-14;3.47218e-15;5.00182e-15;1.9764e-18;1.51313e-17;6.38833e-13;8.53233e-15;1.82417e-14;1.50557e-14;2.34916e-17;2.15973e-16;8.07944e-12;4.65071e-14;5.96465e-17;2.99907e-16;1.88453e-15;1.37013e-14;5.28919e-20;1.12505e-17;3.62939e-18;3.00051e-18;3.89117e-18;1.84304e-10;3.92526e-18;3.29544e-14;1.52724e-16;3.41868e-15;4.41286e-16;2.26694e-15;1.43754e-13;1.07817e-15;2.22102e-15;2.45828e-15;2.01657e-17;1.78538e-14;1.94419e-08;3.57889e-13;1.42207e-14;8.25289e-17;3.95002e-15;1.01012e-12;3.21351e-14;7.37071e-16;2.30603e-14;3.88499e-16;2.49093e-15;8.21627e-17;2.69764e-12;5.7943e-16;1.16964e-14;7.67449e-14;1.95734e-16;1.30609e-12;2.64592e-16;1.78063e-15;2.88827e-15;1.3388e-16;7.98371e-15;6.09475e-12;1.97336e-14;1.20517e-13;3.90181e-15;5.1447e-13;4.61891e-14;2.82932e-15;1.41619e-15;7.31598e-15;2.55689e-15;6.17012e-15;6.62685e-10;2.3663e-15;1.25807e-15;2.72661e-16;1.83729e-12;1.40443e-16;7.13211e-15;3.52103e-16;8.63787e-16;5.2951e-14;9.39684e-13;3.84191e-14;1.33533e-14;1.44088e-15;1.84252e-14;6.79806e-14;6.03692e-15;4.85735e-15;1.90938e-14;9.11995e-15;2.34558e-14;3.80887e-10;1.13214e-13;4.00041e-14;5.46197e-15;2.72714e-13;3.63842e-16;4.79564e-16;3.95175e-16;6.09685e-14;9.45209e-15;1.43488e-12;2.85231e-15;2.55068e-15;7.8111e-15;7.97239e-16;2.38178e-15;9.42852e-15;3.56713e-14;8.57712e-17;3.82917e-16;9.90496e-15;6.12581e-18;1.33534e-17;3.57786e-10;1.82981e-16;3.80881e-15;5.31921e-14;1.94569e-15;5.37973e-14;7.4603e-16;2.93363e-15;3.35458e-15;1.18733e-11;2.44335e-15;2.22489e-12;5.25104e-15;1.34962e-16;6.06758e-16;1.64091e-17;2.56193e-19;9.88119e-17;2.33593e-09;2.60526e-14;3.5394e-16;1.1366e-15;1.72906e-16;9.11077e-16;8.1891e-14;5.18839e-14;1.31088e-17;1.67467e-15;1.29827e-16;5.51667e-14;6.31559e-21;4.79349e-10;1.14772e-13;2.97021e-14;5.10703e-13;1.03239e-14;2.24562e-15;1.19477e-14;8.49672e-15;6.34087e-14;3.31464e-15;2.25535e-13;5.0679e-14;5.00134e-15;2.33276e-19;1.03618e-09;7.70274e-13;7.96662e-15;1.15376e-13;6.39055e-14;1.80509e-16;1.02769e-14;8.68747e-11;3.19927e-18;5.78818e-20;1.1465e-16;5.56613e-18;1.87657e-15;4.08771e-16;1.2955e-11;7.54266e-18;1.30182e-15;3.88711e-14;5.05036e-14;3.2755e-19;1.70163e-15;1.68035e-13;1.26015e-10;4.29732e-15;9.21391e-14;2.8746e-14;2.15521e-09;1.4602e-09;1;2.19803e-07;7.82115e-11;9.31787e-11;4.66822e-12;1.11176e-12;1.33644e-10;3.32221e-08;4.15428e-15;2.95461e-18;1.50667e-15;3.92605e-18;1.5343e-17;2.21566e-15;6.27722e-13;4.09014e-19;1.33399e-15;1.66072e-15;2.04895e-19;6.72398e-16;5.35674e-12;1.88584e-13;2.91372e-17;1.86915e-15;8.03686e-16;2.53222e-16;4.15531e-18;7.90506e-15;1.07389e-17;5.1135e-15;1.90656e-14;5.95048e-20;6.54168e-16;5.87104e-15;1.95581e-22;1.87656e-18;6.7137e-09;6.25059e-14;1.44568e-15;9.57385e-16;3.61335e-16;3.20542e-16;9.29095e-14;6.68077e-13;4.14677e-12;8.91803e-19;1.76625e-16;2.54511e-13;1.41406e-19;1.04638e-17;3.39499e-13;1.9307e-13;1.65812e-15;2.4616e-14;2.47376e-13;3.92237e-17;1.04894e-14
5.60287e-09;7.81189e-11;5.56682e-09;1.45825e-12;2.64433e-13;7.11904e-12;1.28543e-13;5.00843e-11;3.14602e-10;3.07288e-09;2.7613e-11;9.05339e-15;4.01448e-11;1.52502e-11;5.56617e-10;3.55961e-10;2.02223e-10;7.09673e-12;7.82343e-11;1.22869e-11;3.48325e-14;7.786e-11;2.201e-10;7.55359e-11;3.67978e-10;5.0488e-10;1.34867e-10;2.80392e-12;1.72419e-11;3.4331e-10;1.67819e-13;3.42988e-13;1.90428e-13;3.58514e-13;3.18194e-10;7.20245e-12;2.3344e-11;3.50522e-11;2.57967e-14;1.36295e-12;9.95268e-12;6.30031e-14;7.67964e-11;2.74255e-15;3.8072e-11;9.77673e-12;1.5058e-14;2.34547e-11;1.01592e-11;8.15851e-14;1.8648e-11;1.95987e-11;1.57588e-13;3.74853e-12;2.18636e-13;1.43425e-10;3.80125e-08;3.25899e-11;1.13225e-09;2.08078e-11;1.53248e-09;2.43148e-11;4.98672e-11;2.33252e-09;4.84871e-12;2.89475e-11;3.06061e-11;1.0766e-10;1.46191e-10;2.61372e-08;4.37124e-11;7.15263e-11;6.61249e-11;3.96652e-10;4.28606e-10;1.09345e-10;1.38559e-10;1.33578e-11;4.24471e-11;2.29195e-12;1.28395e-11;1.86522e-12;2.60935e-09;3.57351e-12;5.48003e-16;3.53699e-12;3.0736e-12;9.02324e-12;7.82574e-10;5.59284e-11;6.20304e-12;1.86632e-10;5.98462e-11;1.86131e-16;1.44788e-13;1.60176e-13;1.19825e-10;1.66782e-11;9.38216e-12;4.62978e-13;9.33429e-10;1.64932e-13;1.42989e-16;5.0392e-14;1.05518e-11;1.12686e-08;4.55571e-10;1.73472e-11;2.0389e-10;4.02244e-13;2.26589e-09;1.39696e-11;1.33524e-10;5.85313e-11;1.19792e-09;3.48989e-13;6.49909e-11;2.82919e-11;8.24711e-11;8.16315e-11;4.68573e-11;1.84918e-11;5.26534e-12;2.78742e-12;3.04619e-08;2.40936e-13;4.74019e-16;2.63505e-13;7.22543e-13;1.56231e-13;1.05373e-11;6.32996e-10;1.12818e-10;1.18958e-13;3.2143e-12;6.90032e-14;1.85822e-10;2.25358e-09;1.91156e-10;1.10246e-13;1.36264e-10;4.88683e-10;6.50113e-12;1.92683e-10;1.57163e-13;3.12333e-11;1.63237e-11;1.71078e-10;2.90198e-11;3.45967e-09;1.82409e-12;3.16946e-15;3.28995e-12;4.27425e-10;1.75236e-13;1.76365e-11;1.85303e-12;3.27904e-13;3.23939e-10;6.35477e-11;1.07096e-10;1.32309e-10;1.37401e-12;3.50383e-09;2.73742e-11;2.60609e-11;7.30989e-14;4.18717e-11;1.22484e-09;6.65602e-11;1.21339e-10;2.42549e-11;5.68607e-11;8.45992e-15;1.23184e-13;2.1444e-11;2.44688e-10;6.20838e-13;3.04631e-11;1.3083e-11;5.43774e-12;1.54657e-09;2.68338e-13;8.83016e-14;6.91841e-13;1.79548e-12;6.78492e-11;3.87776e-13;8.52187e-13;2.43125e-11;6.43455e-11;9.49791e-11;5.15955e-10;2.01002e-11;3.99622e-11;1.42053e-10;1.28593e-09;1.10647e-10;5.32978e-12;8.20921e-12;1.79931e-10;3.48594e-12;6.52229e-10;5.20694e-12;8.27769e-13;1.11234e-12;4.71487e-11;3.48359e-11;1.82549e-11;3.67724e-10;4.30477e-13;1.04591e-11;3.29331e-12;4.12e-12;1.15926e-12;2.91249e-10;5.33948e-12;1.89788e-16;1.48395e-14;1.22607e-15;4.53627e-13;1.60609e-11;4.67397e-11;7.51957e-12;1.25966e-11;5.80176e-11;2.32787e-09;2.53142e-10;8.25575e-12;2.33922e-11;9.71195e-11;2.43727e-09;9.46209e-11;2.77937e-10;1.35701e-11;3.80356e-13;4.41426e-13;4.73152e-14;3.22439e-11;2.56729e-12;2.80336e-11;1.28066e-13;2.40637e-11;5.47182e-12;2.23792e-10;2.33496e-12;1.3162e-09;1.60474e-11;3.43287e-15;2.58507e-14;1.5607e-11;4.96369e-13;1.18893e-11;5.26197e-11;1.41262e-11;3.02463e-13;8.48728e-10;4.16428e-13;3.04446e-12;1.17305e-12;2.76871e-10;4.562e-11;2.33841e-15;8.31313e-15;7.47869e-16;6.31859e-11;2.82828e-11;3.96351e-11;1.16174e-11;6.14479e-14;8.19607e-12;3.47258e-11;9.96795e-21;7.16588e-11;1.70106e-09;6.27919e-12;1.0443e-13;4.47718e-12;3.46565e-18;2.07603e-16;3.32484e-13;2.76422e-10;3.49273e-12;2.03511e-15;1.67388e-14;1.44214e-12;1.91401e-12;1.45409e-12;6.43337e-10;2.5002e-16;9.38838e-20;1.38067e-17;2.20097e-16;5.24066e-18;1.8477e-13;9.39217e-12;6.2361e-12;1.64554e-14;1.184e-11;1.83143e-14;1.10618e-11;4.5526e-12;6.84448e-09;1.58668e-12;1.95299e-11;1.11501e-15;3.09282e-16;1.29659e-13;2.64632e-11;2.77242e-10;1.53458e-12;9.22445e-13;1.39306e-12;1.02873e-10;5.1967e-12;1.85873e-10;1.00375e-12;8.84119e-16;3.74318e-12;2.26367e-15;1.23625e-12;1.32813e-10;1.93228e-10;2.40423e-16;6.94527e-11;2.13633e-11;4.02034e-18;9.15225e-14;5.10176e-10;4.18984e-11;2.24493e-10;6.08961e-10;6.07876e-11;3.5867e-10;4.15528e-11;4.99653e-10;2.29279e-09;0.999997;4.75398e-08;1.43768e-06;1.41937e-07;3.03e-12;3.62595e-08;2.73058e-08;5.15776e-08;1.46412e-06;1.43256e-08;1.41764e-08;9.92982e-08
1.35873e-05;1.38076e-07;0.000521862;3.07248e-07;4.93051e-09;6.3372e-09;1.00237e-10;2.15502e-09;4.87177e-09;1.62186e-07;1.4891e-12;1.04551e-09;2.5451e-11;1.37506e-09;2.11662e-08;5.33316e-09;8.25008e-08;4.73178e-10;2.25746e-08;1.52709e-08;1.51036e-08;2.51039e-08;3.46819e-09;1.33087e-07;2.73157e-09;1.78815e-08;2.88797e-09;1.33605e-09;1.28778e-09;3.46129e-06;3.24548e-09;7.66737e-13;1.52985e-13;3.51153e-12;4.6612e-11;6.41945e-12;2.19519e-09;4.35422e-09;6.81062e-11;1.71805e-12;8.83691e-13;6.47209e-10;2.3552e-07;3.45143e-11;9.1227e-07;3.47785e-10;9.68029e-13;3.31368e-09;7.46322e-07;3.48199e-10;1.53235e-14;1.8118e-10;2.30518e-15;1.21055e-11;8.98314e-11;4.64599e-11;1.8379e-10;3.4575e-09;1.38163e-08;2.22786e-08;7.26059e-09;1.58449e-10;3.79157e-10;5.67871e-12;2.98955e-10;2.34866e-10;2.59803e-10;3.66639e-10;1.34575e-08;4.85098e-06;2.30565e-07;4.4866e-09;1.73688e-09;1.31975e-09;2.13931e-08;9.86505e-10;1.34855e-08;1.87354e-11;9.85076e-10;3.80768e-11;2.57508e-09;1.37532e-09;9.69564e-05;3.09574e-08;4.01982e-12;6.81933e-09;1.94137e-11;1.08718e-08;7.85336e-09;1.26079e-09;1.15753e-08;1.8039e-07;7.18453e-10;9.11003e-11;2.75873e-10;2.45213e-09;3.36159e-09;7.51215e-10;8.30179e-10;4.30059e-10;4.39748e-05;8.63345e-09;3.23033e-12;1.95555e-09;1.48717e-09;9.30535e-12;1.75381e-10;4.4614e-10;8.90739e-09;7.79789e-13;1.00388e-10;7.11708e-12;1.18359e-09;3.34737e-09;2.35961e-07;1.91383e-12;1.89873e-10;4.69493e-12;2.52576e-10;8.19908e-08;8.29195e-10;7.48065e-11;1.48068e-10;2.12887e-10;0.000312692;3.80074e-10;4.99413e-09;9.42605e-11;1.82193e-10;2.06632e-14;1.77536e-10;8.09674e-09;2.79706e-10;6.14548e-14;1.91622e-12;1.65883e-12;6.55179e-08;3.62939e-05;2.37463e-05;8.98839e-12;3.41491e-08;8.01827e-10;6.09838e-10;1.24447e-09;2.27391e-11;3.48964e-09;1.14322e-10;1.44449e-08;7.05649e-10;3.79917e-07;3.69744e-10;5.16088e-11;1.58382e-10;7.09034e-10;2.46373e-13;1.69644e-10;1.9218e-09;8.6508e-12;2.89779e-10;3.48264e-09;9.3307e-08;6.12862e-08;2.04652e-10;1.39696e-10;8.29888e-11;7.23931e-11;7.46661e-11;7.10654e-09;1.62067e-10;1.64986e-09;1.319e-07;1.18474e-06;5.19057e-07;1.58859e-10;5.93835e-09;1.9779e-08;1.9637e-09;7.47503e-09;5.78804e-10;3.73809e-10;1.76647e-10;1.04746e-06;6.62388e-10;2.06521e-11;7.47716e-10;1.39231e-10;7.02842e-10;2.12412e-10;6.71363e-10;6.55723e-10;8.08609e-10;7.25078e-09;1.22314e-05;2.52145e-09;8.56359e-10;5.94447e-10;8.16241e-09;3.75518e-09;7.09745e-11;4.05994e-10;1.10876e-10;1.1742e-09;1.17691e-05;3.86531e-08;1.48246e-10;1.67528e-10;2.90942e-11;2.50443e-09;3.34074e-10;3.20084e-08;1.67777e-11;3.64863e-11;2.33848e-10;8.63587e-07;7.52283e-05;0.997798;6.36636e-05;8.34413e-08;1.09895e-05;5.65955e-08;1.36586e-06;4.65403e-09;1.36272e-07;2.29103e-08;6.65422e-08;2.95791e-08;1.9123e-06;1.80985e-08;9.79076e-08;8.33368e-09;3.47889e-08;3.42014e-10;5.82775e-10;1.78298e-05;1.59862e-09;1.44938e-10;6.29873e-12;6.48583e-12;6.17059e-11;9.2737e-12;7.36317e-11;5.99995e-13;2.85324e-10;5.51822e-11;1.91786e-09;2.86368e-08;0.000496003;6.12552e-07;3.75744e-14;5.35101e-11;8.48702e-12;5.14143e-09;5.13572e-12;3.16153e-10;1.02136e-10;1.55092e-13;8.87477e-09;7.07535e-11;3.26514e-09;5.74178e-10;5.11251e-06;1.14453e-06;4.47434e-09;9.54068e-12;5.30793e-11;2.15814e-08;2.65608e-09;3.02085e-09;1.15453e-09;1.46867e-12;1.7205e-09;9.12373e-11;1.29493e-14;9.10525e-09;0.000358507;2.31068e-09;4.89247e-17;1.25445e-09;2.8468e-13;7.55018e-11;1.41917e-11;4.04548e-11;1.52562e-11;1.17863e-19;3.10957e-12;2.8474e-14;2.00564e-10;6.32673e-07;5.66223e-05;7.57533e-11;1.22813e-12;1.37106e-10;3.92463e-14;8.18345e-14;4.50805e-10;8.46496e-11;2.69012e-09;1.76569e-16;2.92055e-08;3.71755e-12;3.6429e-10;1.75328e-09;1.91006e-05;1.09472e-09;2.52302e-09;1.28164e-12;5.30632e-13;3.90674e-16;1.38418e-10;6.32862e-07;3.66318e-10;1.76255e-12;1.50554e-14;2.79328e-09;1.95639e-09;1.23427e-06;2.33442e-09;7.14529e-13;7.92175e-12;1.19742e-06;4.88493e-13;1.10461e-08;1.70169e-09;8.30289e-11;6.84263e-10;9.67183e-11;7.10482e-11;1.26668e-13;3.38095e-10;6.37289e-14;1.90556e-09;1.70583e-08;3.55378e-10;2.98117e-12;1.84852e-10;8.62318e-12;8.68908e-09;2.18786e-08;9.76263e-10;2.68169e-09;3.8351e-17;4.80842e-11;1.01085e-12;1.89929e-13;1.55032e-11;6.68235e-09;2.65635e-11;8.07382e-16;8.38242e-11
2.4031e-08;1.67545e-09;7.39549e-08;3.28737e-10;1.38572e-08;1.35133e-12;1.65793e-11;1.07922e-06;9.71474e-10;4.00122e-08;1.44729e-06;5.16793e-10;2.75059e-11;6.38731e-10;7.09666e-10;4.51267e-09;1.09036e-10;7.14593e-11;1.2679e-08;2.83745e-09;5.08689e-10;4.0865e-10;2.43384e-10;5.93047e-10;1.744e-12;2.24852e-09;9.72357e-09;1.129e-10;3.35139e-06;1.04703e-05;2.47646e-08;0.999807;1.75055e-05;2.8206e-05;4.62536e-05;1.40798e-07;6.7207e-09;4.35451e-08;9.88129e-07;1.00755e-12;1.3461e-07;7.80048e-13;2.32818e-05;9.29246e-10;8.82942e-10;6.54343e-07;2.16206e-11;6.3151e-11;2.00306e-09;5.56636e-13;3.78865e-06;4.20304e-16;1.09579e-13;8.99969e-13;5.67093e-11;2.80967e-11;1.14981e-08;2.40053e-10;1.02026e-09;3.43215e-10;1.27293e-06;1.70281e-13;8.39931e-09;4.31209e-09;5.73981e-10;2.0931e-07;8.31204e-09;3.42399e-09;1.29079e-10;2.40156e-11;1.2711e-11;3.67776e-06;7.51095e-11;5.85303e-13;2.08217e-13;8.31119e-10;2.14126e-09;9.41684e-10;2.23493e-12;4.8897e-09;3.18183e-10;2.8887e-11;4.0102e-09;4.02918e-10;3.50979e-06;1.63713e-13;2.08904e-15;1.75895e-11;3.30743e-08;3.6823e-09;2.16131e-09;1.50278e-08;1.82659e-10;6.74886e-09;3.07929e-11;5.66052e-07;1.76881e-08;3.54344e-08;1.00411e-08;2.33503e-11;3.47877e-08;1.22193e-12;4.46326e-08;2.7132e-09;1.3634e-11;3.28578e-11;8.38793e-11;2.86471e-10;9.02091e-10;1.3223e-10;8.31281e-12;6.53037e-14;4.74193e-11;1.23083e-10;7.2139e-09;6.26513e-10;3.52688e-13;1.26193e-12;2.78779e-10;3.63274e-08;3.76019e-10;1.67057e-10;2.17111e-10;8.75682e-14;7.00728e-12;4.32566e-14;1.57957e-12;9.37988e-14;1.4254e-14;1.93633e-10;1.06963e-09;9.22262e-09;4.41266e-10;1.66853e-08;7.18545e-11;6.38334e-14;7.37756e-09;5.83311e-09;4.37317e-09;1.27533e-09;8.26813e-11;8.76025e-10;1.31263e-10;1.29474e-08;2.58019e-08;4.74417e-10;1.88098e-09;3.27956e-09;5.87335e-10;4.47387e-10;5.7873e-11;1.05819e-07;2.5717e-13;8.92823e-10;7.99431e-10;3.33816e-09;8.37876e-08;8.12116e-11;5.11382e-09;4.89263e-10;9.45424e-09;1.69539e-09;5.15906e-09;2.4626e-10;7.09336e-12;8.64148e-10;8.03333e-09;2.9943e-09;1.46487e-08;8.75269e-09;1.54881e-08;1.73866e-08;2.10222e-09;1.46175e-06;3.06437e-11;1.2251e-08;6.67524e-10;2.42821e-08;4.61872e-10;1.44507e-06;1.06961e-10;1.89665e-10;1.17334e-09;5.59868e-10;1.85457e-08;7.56807e-11;3.71453e-10;2.89767e-08;4.34309e-10;1.81611e-09;2.23321e-08;4.86706e-10;1.61613e-09;1.20162e-11;3.40312e-08;4.18648e-12;1.08983e-12;8.38427e-11;4.08326e-09;3.86848e-10;1.1138e-08;3.7071e-09;3.65145e-08;7.61569e-10;1.61788e-06;7.65398e-11;1.03444e-10;1.33465e-09;1.70158e-09;3.72105e-08;2.02646e-09;1.92018e-09;1.15562e-08;5.84163e-08;1.20297e-10;9.03894e-09;2.20641e-09;3.49729e-08;2.2178e-11;2.35314e-09;1.47584e-13;1.34488e-09;4.42957e-10;1.10121e-09;2.491e-08;8.88741e-10;5.96071e-10;2.89556e-10;3.859e-08;4.77141e-13;2.14941e-08;1.02189e-11;1.24597e-08;3.83576e-07;1.88841e-09;3.7189e-05;5.96142e-11;3.11278e-10;1.34139e-08;2.55529e-09;6.27442e-09;4.10807e-08;4.43671e-10;8.15916e-09;4.83858e-10;3.77427e-09;7.68655e-08;4.76648e-11;1.40295e-08;1.71177e-13;1.93756e-10;4.72957e-08;1.76773e-09;2.39039e-10;1.14728e-10;1.06822e-09;5.26172e-09;1.5898e-09;3.55589e-09;5.59647e-10;1.42079e-08;6.32698e-09;2.43378e-06;7.37832e-16;1.97925e-11;2.21054e-10;5.64411e-09;3.39024e-10;1.61475e-09;3.96239e-07;1.16842e-09;4.83816e-08;5.17074e-12;6.50246e-11;1.43158e-08;5.3791e-13;1.45079e-08;8.65455e-11;1.31249e-17;2.15071e-14;3.44052e-11;2.75524e-11;5.09702e-10;6.09109e-12;1.00096e-11;4.91866e-10;2.80391e-09;4.65218e-10;1.91335e-09;9.42331e-12;1.97613e-07;3.71758e-11;1.19461e-11;4.89297e-14;3.7394e-09;6.02649e-10;1.17142e-09;9.97394e-11;1.91783e-10;2.78435e-11;3.51793e-11;5.55551e-12;2.37852e-08;3.3102e-15;1.83522e-07;1.72989e-11;6.11888e-14;6.26935e-11;8.00717e-10;1.24599e-09;5.35337e-13;4.37828e-13;1.73907e-12;2.34397e-09;1.72814e-10;6.69541e-10;3.33015e-10;1.0029e-09;1.46898e-11;5.65305e-15;4.51332e-13;3.00579e-07;5.32176e-08;5.21536e-10;9.15001e-11;2.88578e-11;1.63137e-10;1.92277e-12;1.84208e-11;4.10419e-16;8.21268e-11;8.08388e-10;4.39478e-10;3.30927e-11;1.06625e-10;1.01186e-09;2.2966e-09;1.24235e-16;6.9069e-09;4.23644e-11;1.63181e-10;7.47596e-13;9.09449e-14;9.67262e-16;4.20374e-11;6.27546e-09;7.39199e-10;8.06288e-10;1.85294e-11
3.75777e-13;1.10082e-14;1.8881e-14;1.96899e-16;1.17112e-16;6.91897e-16;2.97516e-14;3.88541e-13;6.53188e-14;5.5188e-13;7.73666e-13;3.87613e-16;3.70159e-15;4.65464e-14;1.51752e-12;1.51944e-11;1.34339e-12;2.81911e-13;3.06511e-13;6.82777e-12;3.47666e-14;3.97113e-14;9.63193e-14;2.39677e-14;5.12491e-12;9.33755e-11;9.26052e-14;6.17918e-13;2.10376e-16;1.81368e-15;2.30647e-14;3.10777e-16;1.11986e-12;2.0118e-08;2.50975e-17;2.9408e-13;2.11194e-14;2.67083e-13;3.67339e-18;9.00044e-18;2.09495e-11;4.33347e-17;3.53425e-12;1.36976e-14;7.07426e-17;1.38639e-11;5.88121e-15;5.09657e-14;1.15191e-14;4.5585e-19;1.80042e-16;3.87894e-18;2.87615e-09;3.96796e-16;2.72161e-14;1.76228e-14;2.12297e-12;4.22864e-14;8.8893e-13;1.9344e-14;1.72267e-12;5.1466e-12;1.12553e-07;9.20806e-14;2.58633e-12;2.11609e-13;5.83181e-14;1.30062e-10;2.42796e-15;8.23923e-14;6.51664e-14;6.60611e-14;1.15357e-11;4.16024e-11;5.1375e-17;2.70652e-13;6.53573e-14;4.52701e-14;1.6854e-14;2.51447e-10;3.26274e-12;1.10584e-15;4.82075e-16;5.37956e-16;8.2484e-13;1.431e-14;1.71622e-13;6.46299e-17;2.08229e-12;6.43538e-14;7.56391e-14;1.74195e-13;6.60185e-14;8.08106e-11;1.35379e-14;1.72765e-12;3.77754e-16;1.50629e-11;4.69214e-13;6.23893e-15;2.52344e-15;4.33736e-16;6.12099e-16;6.88417e-13;2.22527e-08;2.04606e-17;4.52429e-12;6.63272e-14;1.1908e-13;1.64576e-16;1.13261e-16;4.74018e-12;8.33479e-15;5.37622e-13;1.6508e-11;7.66043e-14;5.12694e-13;2.86285e-07;2.66731e-14;1.41922e-13;5.77079e-14;3.99865e-15;1.28919e-14;1.56123e-15;9.10015e-18;3.33895e-15;7.61232e-14;1.34282e-14;1.09135e-08;8.6515e-18;7.23169e-14;7.27022e-13;2.02657e-13;9.0416e-17;7.1397e-16;8.35062e-16;1.59603e-12;7.15619e-13;7.35997e-14;5.41746e-13;3.0619e-11;5.30417e-08;1.3341e-11;1.99127e-12;4.96426e-17;6.06759e-13;1.40394e-12;1.32446e-12;1.35458e-14;6.35105e-15;5.68462e-16;7.72521e-14;7.82457e-12;2.1413e-10;7.87881e-18;8.85301e-12;1.71729e-15;1.00088e-16;2.82904e-12;5.16445e-14;1.14822e-13;3.50794e-13;4.75048e-13;8.76418e-15;4.51251e-08;1.07623e-14;1.25072e-12;1.37889e-14;3.10771e-11;1.74597e-09;2.64099e-10;3.9673e-10;6.18969e-10;1.37004e-07;1.31164e-09;0.999999;5.67331e-11;1.43717e-09;4.45976e-13;1.33729e-09;4.84488e-14;2.11737e-13;1.33271e-14;1.8028e-12;1.58331e-12;6.97298e-11;9.08772e-14;2.01964e-14;2.59025e-16;2.2099e-14;5.36848e-10;5.11944e-11;1.42306e-11;8.12481e-12;9.85365e-10;1.57927e-10;7.97431e-09;5.54877e-15;2.36366e-12;4.41811e-13;1.74014e-11;1.91887e-13;7.61958e-13;8.82469e-13;4.0087e-12;5.98392e-13;4.04016e-09;1.10726e-13;1.38332e-13;5.9019e-14;2.16357e-15;3.65414e-14;2.96993e-13;1.46473e-11;9.10166e-16;5.03875e-17;9.29638e-14;2.33958e-17;2.543e-14;3.88868e-09;6.59075e-18;6.69162e-13;9.65488e-14;3.64592e-14;1.90345e-11;5.25033e-13;6.88159e-13;8.06674e-13;1.05147e-13;1.52846e-13;4.67201e-09;2.74059e-16;9.20352e-15;1.91953e-14;2.84322e-14;1.30504e-18;8.35143e-17;9.30261e-11;9.06913e-17;7.6517e-14;5.44149e-15;1.5548e-16;4.31378e-15;9.32566e-14;4.64167e-12;2.65284e-14;2.83279e-14;4.76807e-15;1.35435e-12;1.87128e-16;2.12433e-10;1.89126e-17;1.11253e-13;2.39458e-14;8.86037e-14;1.12346e-17;3.29981e-12;1.27116e-13;5.9625e-13;1.03529e-15;2.18369e-15;4.68266e-14;2.28864e-18;1.2266e-16;1.24085e-11;2.81749e-14;6.86578e-14;7.54134e-14;7.33252e-15;1.74015e-16;2.54565e-13;6.73301e-12;4.04812e-19;2.62909e-16;1.83216e-15;1.20293e-16;1.08586e-12;3.75911e-12;2.13555e-11;2.60697e-19;2.30079e-15;1.65353e-15;3.37347e-14;9.84168e-21;2.33807e-16;2.1534e-11;6.04988e-13;6.93755e-17;5.69678e-18;3.34476e-18;6.05282e-17;7.48116e-14;9.47507e-11;8.98474e-21;2.02776e-14;1.58717e-13;1.11054e-13;5.02163e-20;7.97313e-15;9.58433e-13;1.54833e-14;1.19379e-15;1.65841e-14;2.50644e-18;8.20297e-17;3.65944e-16;2.58661e-11;7.59689e-24;2.54506e-15;1.45263e-14;6.17861e-23;5.63395e-16;1.91865e-14;1.44844e-12;1.25498e-16;1.20131e-15;8.31544e-15;2.41054e-16;2.02538e-18;7.80347e-14;3.64888e-16;1.75627e-12;1.86702e-13;8.78104e-18;2.0393e-12;9.83879e-14;4.96986e-18;1.55935e-17;3.36984e-09;1.59397e-17;2.37448e-13;3.42211e-14;7.16216e-14;8.31849e-15;1.58987e-12;6.64923e-10;9.72338e-12;7.38701e-17;1.25656e-14;1.43401e-12;1.29507e-17;1.01831e-16;3.76611e-12;4.45128e-15;9.28748e-13;7.75942e-14;1.96907e-12;2.22576e-15;6.74511e-14
3.76302e-13;6.26601e-16;1.68903e-15;1.45918e-17;1.44839e-18;1.43653e-17;5.44711e-18;1.17307e-15;2.19005e-15;5.66542e-16;9.21218e-18;2.97694e-18;2.0709e-15;4.04114e-15;1.39604e-15;4.64441e-15;1.76874e-15;4.69275e-16;6.18982e-16;8.89076e-17;7.46295e-18;1.27455e-14;1.16159e-15;3.5382e-15;9.09653e-14;8.23012e-15;2.70419e-13;2.5722e-17;4.75568e-16;1.42483e-16;2.63994e-15;6.71565e-20;3.44216e-17;3.15035e-18;2.65541e-16;8.18451e-15;7.67541e-16;4.71292e-15;2.37542e-19;4.34366e-18;1.51801e-13;2.41676e-19;2.53479e-15;1.94923e-17;3.63768e-18;9.29337e-16;1.73766e-17;1.31929e-15;5.19164e-17;4.91269e-21;2.17117e-19;2.29735e-20;7.77974e-19;2.44922e-13;4.25153e-19;1.36549e-17;1.14733e-16;3.75306e-16;1.27585e-14;4.69197e-16;1.77836e-17;1.13313e-15;3.95872e-15;1.5324e-16;2.0258e-14;2.26437e-15;5.08668e-16;3.02551e-13;8.91944e-17;5.21795e-15;9.01689e-16;3.92086e-20;7.82236e-17;3.60924e-16;9.13313e-16;7.6229e-15;1.624e-16;7.70994e-16;8.8408e-17;3.33979e-16;2.74697e-13;6.16244e-16;8.08008e-16;1.86255e-16;3.35429e-17;2.17119e-14;1.32567e-14;2.92826e-19;1.9559e-14;7.33066e-16;4.23257e-15;1.59533e-15;2.696e-15;6.0319e-19;3.05624e-17;1.67424e-17;1.23757e-16;1.22776e-12;1.64501e-14;1.42901e-15;3.74035e-16;7.75134e-17;1.21389e-19;2.29034e-18;3.19667e-16;2.97288e-18;1.68456e-15;1.48318e-15;1.63992e-15;5.31339e-18;3.97052e-18;1.20062e-13;2.47782e-16;1.01891e-15;6.31801e-13;4.0639e-17;2.06738e-15;1.46138e-16;3.42851e-17;1.07648e-15;7.22444e-16;3.36115e-15;5.43192e-17;6.0765e-14;4.34149e-14;1.96869e-16;4.72925e-17;3.13436e-14;5.76768e-16;7.3208e-17;1.99545e-15;1.45996e-13;2.26071e-14;1.40711e-18;2.01842e-17;1.20444e-15;1.59565e-14;3.7081e-14;1.55907e-15;3.39931e-15;1.46066e-16;5.54202e-16;1.99973e-16;9.92295e-15;3.01663e-17;1.09534e-15;4.04606e-17;5.88767e-14;1.05769e-15;6.82376e-17;2.62334e-17;2.54397e-16;2.12257e-15;3.22042e-17;1.06701e-18;9.29618e-15;5.4035e-17;1.92075e-17;3.28062e-15;1.72184e-15;3.07197e-16;6.70991e-16;1.18854e-16;1.05761e-16;1.67367e-13;8.00556e-17;6.58398e-18;5.12586e-17;9.03828e-13;4.47396e-16;3.64613e-14;7.17337e-15;9.59724e-15;1.97633e-16;1.40394e-17;2.24279e-14;3.25623e-15;4.04728e-16;2.89628e-16;1.01322e-15;7.1869e-16;2.48986e-15;1.24756e-15;4.88722e-17;2.33142e-14;4.40448e-15;1.05952e-16;2.09371e-16;2.84393e-16;5.6303e-16;2.1303e-14;1.08728e-15;1.23323e-15;2.17834e-16;1.5742e-16;1.4852e-15;5.8345e-16;7.29959e-18;3.04049e-19;1.32651e-16;1.37627e-16;1.90569e-16;1.2791e-15;4.09648e-15;2.28175e-18;4.79466e-16;1.92697e-15;2.7498e-16;9.14089e-16;2.0358e-16;1.47298e-18;3.01667e-16;1.43412e-16;7.47928e-15;9.79893e-18;1.29604e-16;2.10092e-17;9.77584e-24;8.62125e-19;2.70537e-16;1.21761e-18;6.97621e-15;4.24335e-15;4.27991e-17;2.44857e-14;1.33208e-14;1.84676e-14;7.79557e-14;8.77303e-17;1.88462e-13;8.86716e-14;3.27308e-15;5.06047e-16;3.99106e-15;3.27862e-16;5.87392e-21;4.07089e-17;1.35864e-16;1.03699e-16;5.73549e-15;5.08515e-16;4.10454e-18;3.13067e-16;2.77256e-16;2.07482e-14;6.05656e-15;3.27195e-14;3.51803e-15;8.96908e-20;3.89407e-15;5.5114e-16;2.56101e-18;1.13963e-15;6.91127e-16;2.12872e-15;3.0309e-17;6.51527e-16;1.17333e-15;5.16845e-17;2.70375e-17;2.39056e-17;3.55238e-17;7.46125e-21;3.82601e-17;1.82759e-16;4.3667e-16;1.22304e-15;1.11664e-16;9.86947e-18;2.03966e-17;6.6343e-16;5.54682e-15;6.16555e-19;1.06563e-15;6.81245e-16;1.13584e-16;2.46102e-22;4.67952e-17;5.00226e-15;1.70498e-27;3.55875e-16;5.59365e-18;5.62582e-16;4.04785e-20;1.22737e-17;5.81824e-17;5.17783e-15;7.43223e-17;1.67055e-17;2.55085e-18;3.09396e-20;7.21299e-22;5.38026e-19;1.74078e-24;1.15372e-15;2.11788e-15;2.75607e-16;2.30095e-20;3.24168e-17;6.19743e-18;3.87973e-16;1.54147e-15;4.52198e-14;4.95215e-14;9.93993e-17;1.3586e-17;3.34545e-20;2.11811e-22;8.63293e-16;3.28729e-14;3.23592e-19;4.71894e-14;3.15927e-17;2.86764e-14;1.78383e-16;2.00554e-17;1.07907e-16;4.34925e-18;1.11107e-20;1.61609e-16;1.59245e-15;9.9324e-14;1.18521e-13;3.73145e-15;5.91682e-14;2.14434e-16;4.54088e-24;2.6306e-17;1.33842e-14;1.3628e-21;7.90805e-15;6.02202e-15;4.17703e-15;6.54565e-14;6.87242e-16;5.96431e-15;7.40181e-14;1;3.13013e-12;1.28965e-11;5.81552e-14;8.91531e-14;9.28523e-12;4.80644e-11;1.18377e-10;1.3682e-12;1.33884e-12;1.68439e-10;8.90186e-12
4.60491e-09;2.76422e-10;7.07034e-08;1.43965e-10;1.4376e-13;2.73332e-11;3.23595e-14;2.09205e-13;2.87765e-12;1.98909e-12;9.65285e-16;4.19481e-14;2.49096e-15;3.60992e-12;1.63316e-12;1.37324e-12;5.50986e-12;2.1921e-13;4.17676e-13;1.05202e-11;3.87227e-13;6.61625e-12;1.02928e-12;7.81488e-13;3.20683e-11;1.43691e-13;8.95454e-14;1.23801e-13;4.91272e-13;3.77146e-09;8.63806e-10;1.24774e-17;5.43123e-12;2.27087e-16;3.64747e-16;4.883e-13;8.08865e-13;2.12203e-12;1.6171e-16;7.40004e-16;9.68439e-13;1.55805e-11;1.83653e-10;1.34255e-11;1.99503e-13;7.53884e-13;8.2065e-16;3.1176e-11;1.13274e-09;1.14836e-12;1.72388e-18;1.04908e-15;8.48469e-16;8.34235e-12;3.02052e-16;6.85768e-15;7.52748e-14;4.71966e-12;6.81047e-12;9.39443e-11;3.2709e-15;1.56612e-12;1.63216e-13;1.28168e-15;6.83694e-12;8.62613e-14;5.32312e-13;3.56801e-12;8.31394e-12;4.91416e-10;1.0278e-09;4.44588e-15;1.636e-13;4.75207e-14;2.22072e-13;1.09734e-12;9.28941e-13;2.57412e-15;2.42303e-13;2.64749e-14;7.10056e-12;6.39727e-13;5.3099e-10;1.68183e-10;2.68107e-15;3.01263e-11;2.87723e-13;1.67121e-16;2.84693e-13;1.48114e-13;2.17677e-11;7.19911e-12;1.14297e-12;5.48734e-15;3.4936e-14;5.39836e-16;1.01513e-15;8.74191e-14;9.53991e-14;1.32551e-12;6.04409e-09;1.51465e-10;1.97315e-17;1.21563e-14;4.19746e-13;4.94174e-18;3.00173e-14;5.49083e-12;4.27634e-12;2.68417e-18;6.08388e-14;5.25801e-13;2.29999e-12;1.573e-12;7.09325e-10;9.84819e-16;2.72925e-13;5.19802e-15;1.20457e-14;2.56593e-12;5.63468e-13;3.32901e-14;2.38431e-11;2.23516e-06;0.999892;2.26968e-05;2.34239e-08;8.31264e-05;1.1121e-07;1.03297e-09;1.08678e-09;1.65643e-08;2.41386e-08;9.8761e-13;1.78963e-10;1.38589e-08;2.71597e-10;1.53881e-08;1.42925e-09;2.56873e-13;1.451e-11;6.05042e-13;6.31607e-14;5.31437e-13;9.2766e-16;2.29164e-13;6.00985e-14;7.46795e-11;3.6391e-12;8.54039e-12;7.34378e-12;3.879e-13;1.52447e-11;1.35956e-12;1.26734e-16;1.31695e-12;4.62005e-15;5.15602e-13;2.20138e-13;5.25009e-12;3.48783e-12;3.12762e-10;6.23271e-16;3.94904e-14;4.65172e-13;2.32544e-16;2.40294e-14;3.84303e-13;2.95474e-13;1.28943e-12;9.33906e-11;4.36417e-09;3.78073e-09;1.97776e-14;1.81647e-11;4.0352e-13;1.0377e-13;4.08756e-13;7.75205e-13;1.44817e-12;4.4314e-13;3.42351e-10;2.27487e-11;6.2425e-15;2.99403e-13;5.57194e-13;5.12714e-15;9.2897e-15;2.23719e-13;3.92122e-13;7.08905e-13;8.15441e-12;4.15824e-09;4.24871e-11;3.67125e-15;3.2852e-12;4.94266e-13;1.36826e-15;4.56616e-16;1.6182e-13;4.48041e-14;1.0956e-11;1.83545e-08;1.94889e-09;2.04517e-14;3.33885e-12;8.2554e-13;1.02648e-13;6.41703e-13;1.52282e-12;1.70796e-14;3.51137e-13;3.51516e-13;1.95634e-12;9.30286e-12;1.0768e-08;7.05843e-11;2.40797e-18;3.65838e-14;6.25405e-13;2.62013e-18;1.04593e-12;7.79123e-13;2.6263e-13;4.78517e-13;1.39653e-11;2.06886e-10;8.2054e-11;1.2647e-14;1.31333e-12;2.33094e-12;2.83282e-15;4.84938e-12;4.70667e-10;6.45383e-11;3.87847e-17;4.83612e-16;3.35457e-15;1.58032e-15;7.06103e-13;8.86803e-14;1.87445e-15;2.20187e-13;8.62354e-14;1.92024e-12;1.81018e-11;1.13161e-08;5.45388e-10;3.39809e-20;4.36695e-14;1.88101e-14;6.52716e-16;1.3655e-14;7.58104e-14;5.29556e-12;2.79431e-16;2.83481e-13;4.62592e-15;3.53384e-13;2.92467e-13;5.6079e-11;7.34406e-11;1.23141e-15;1.26495e-14;6.99463e-13;3.34724e-14;3.4435e-13;1.32447e-13;3.0881e-13;8.63635e-16;2.68359e-13;5.21132e-14;1.51969e-19;5.97171e-11;2.79181e-09;1.40762e-09;1.87929e-18;1.4768e-12;8.15469e-14;9.55635e-18;7.55398e-14;2.0676e-14;1.41459e-13;6.90519e-21;4.64087e-14;2.39184e-16;5.27756e-12;1.04077e-13;2.54567e-09;8.28617e-11;1.0013e-20;2.79949e-17;3.12494e-15;9.77426e-19;1.06077e-13;1.41962e-13;1.92281e-12;3.6723e-20;4.17084e-13;3.60749e-16;4.4033e-13;8.79857e-12;3.05146e-09;1.32022e-09;4.1459e-14;2.85759e-14;5.26553e-16;2.37046e-24;1.74793e-13;1.94935e-10;1.29627e-16;3.45717e-14;7.48171e-16;8.30918e-13;1.39589e-12;5.73101e-12;9.13382e-12;1.88344e-15;2.1891e-16;1.04078e-11;1.73068e-15;4.6577e-14;1.52063e-13;1.24354e-12;6.81289e-12;1.28136e-12;5.12317e-14;5.19285e-12;8.84047e-13;3.74975e-17;4.18446e-12;6.66431e-12;2.621e-12;1.70955e-15;1.2758e-12;1.42141e-13;3.07159e-13;2.57835e-13;2.40551e-12;1.53882e-11;5.60959e-17;2.74545e-15;2.05283e-12;4.81866e-16;3.94466e-12;1.79043e-11;5.73156e-13;1.09687e-14;2.83975e-13
