2.52141e-08;1.0246e-09;3.14421e-09;7.48236e-10;3.19957e-10;5.34236e-10;2.0849e-09;1.1975e-07;1.23474e-08;3.9332e-09;1.84128e-08;1.88094e-08;2.89512e-09;8.84819e-10;2.47353e-09;4.1394e-08;2.23849e-08;1.00363e-09;6.976e-09;2.43672e-08;9.72695e-07;1.07224e-10;2.51868e-09;2.82291e-08;8.16655e-10;1.7589e-08;8.34237e-09;1.82794e-08;5.57417e-11;1.39665e-09;1.11921e-09;2.93874e-08;1.51369e-10;4.35576e-09;4.85017e-10;5.4299e-10;1.30621e-09;9.26698e-10;9.54411e-10;3.81035e-10;3.00767e-10;2.27128e-08;2.58458e-08;6.84625e-09;4.36168e-09;7.21513e-09;8.64146e-10;1.53074e-10;9.75973e-09;5.00682e-10;9.1506e-08;2.89106e-09;2.76249e-09;8.63506e-09;5.38196e-11;6.87986e-09;2.62495e-09;2.93021e-10;1.19676e-09;1.03982e-08;3.5945e-09;5.83842e-10;2.08861e-10;8.34489e-10;7.4952e-10;2.00161e-09;2.26669e-09;8.8818e-10;3.0853e-10;1.61508e-08;5.27214e-09;1.73875e-07;1.90646e-08;7.45249e-10;2.60712e-09;1.01479e-09;1.19308e-09;2.60651e-09;3.0946e-09;1.34764e-08;5.52431e-09;1.28893e-10;6.16258e-09;2.90803e-09;2.32452e-08;3.49613e-09;6.01985e-09;4.44391e-09;2.98452e-09;1.92976e-09;2.02547e-09;5.8794e-09;1.90682e-09;8.30403e-08;3.61366e-08;2.09498e-08;1.56292e-08;2.73419e-09;1.46814e-09;2.17771e-11;4.1787e-09;4.09794e-09;6.24405e-08;1.11925e-09;4.45206e-10;8.76918e-09;1.88246e-10;8.78997e-10;1.4623e-09;1.02192e-09;6.06926e-09;2.60076e-09;1.25073e-10;2.28507e-09;4.52501e-09;2.88409e-08;7.00525e-09;9.5487e-09;4.71491e-08;5.85583e-09;7.93938e-09;4.4738e-09;3.05173e-09;1.94713e-11;4.27107e-10;1.78878e-10;5.33775e-07;1.22245e-09;3.52249e-09;5.06264e-10;5.59205e-10;3.79048e-09;1.431e-09;6.37683e-10;8.10677e-10;1.93033e-09;1.39753e-10;5.42349e-09;4.49479e-09;1.02769e-08;1.70684e-09;1.90176e-09;1.25044e-09;1.65885e-10;3.33462e-09;7.34869e-09;5.67464e-09;2.31379e-09;1.87214e-10;1.11683e-08;3.88651e-09;9.70445e-09;2.04621e-10;6.56694e-10;6.25037e-10;4.47116e-10;1.03139e-10;2.19519e-10;3.538e-09;2.02876e-10;9.80026e-10;2.23619e-09;1.76293e-09;4.57987e-10;6.61649e-11;2.41559e-10;6.8049e-10;1.97556e-09;2.04987e-10;7.98282e-10;2.4793e-10;6.38077e-09;1.52687e-09;4.80523e-09;1.84456e-09;1.1876e-10;5.25763e-09;1.75046e-10;3.06827e-09;1.57893e-09;1.74227e-10;6.39755e-09;4.55741e-09;9.67674e-09;1.53449e-09;1.43061e-09;1.94731e-08;5.94907e-09;1.88963e-09;5.19496e-09;1.42241e-08;9.75957e-10;1.10398e-08;1.59701e-08;4.32108e-08;4.05893e-09;5.92215e-10;1.11052e-08;1.23995e-09;8.66526e-09;1.74888e-08;5.86672e-10;8.57594e-09;2.23501e-09;8.65025e-08;1.84746e-09;1.54627e-09;2.69942e-09;1.34101e-09;1.59719e-09;1.17605e-09;7.6059e-09;5.01035e-09;2.55156e-09;8.60826e-11;4.13669e-09;8.81855e-09;1.63268e-08;2.8813e-11;4.58417e-09;1.83317e-09;6.08562e-10;4.23399e-09;9.68245e-10;1.05513e-09;1.69647e-09;1.15171e-08;4.52296e-09;1.93605e-08;1.30527e-09;6.79049e-09;1.31184e-08;6.31577e-11;1.23043e-09;2.85903e-09;2.89061e-08;1.4757e-09;2.30219e-10;7.9355e-10;3.69137e-10;1.10968e-09;1.63688e-09;1.8745e-09;3.18955e-09;1.12192e-09;6.23072e-11;5.17781e-10;3.61004e-09;1.81875e-09;3.22315e-10;2.02938e-10;1.5135e-09;1.01332e-10;4.94543e-10;1.4636e-09;2.86388e-10;7.26287e-10;1.33942e-09;1.06123e-08;7.6126e-08;1.76795e-05;2.10894e-06;0.998853;0.000302019;0.000800716;1.41004e-05;1.93544e-08;4.70087e-09;2.30296e-07;3.28689e-06;2.13623e-07;2.78623e-06;3.35815e-10;1.98574e-12;2.45649e-10;3.76213e-10;9.36203e-13;1.40743e-11;2.29716e-11;7.12401e-11;1.20464e-10;6.55934e-10;3.46004e-09;4.73458e-10;8.85896e-10;8.21388e-10;1.03954e-09;1.92774e-12;9.95532e-10;1.52959e-09;2.47828e-09;9.05771e-11;6.44764e-10;5.25836e-10;1.48845e-10;3.85336e-09;1.879e-09;1.09232e-09;1.25188e-09;1.67266e-10;1.81402e-09;4.75796e-11;5.01808e-10;2.92186e-10;5.86188e-09;6.30651e-08;2.44405e-09;1.95348e-08;7.76429e-10;1.97506e-09;3.53506e-11;8.81003e-10;4.28839e-10;4.89589e-09;3.22681e-10;1.55558e-08;2.04652e-08;1.74472e-08;8.92525e-09;2.92146e-10;2.96932e-09;4.62285e-09;3.42103e-09;4.58672e-11;8.9514e-11;1.27897e-09;5.00142e-08;1.56066e-09;1.75147e-10;1.19839e-10;1.28833e-10;2.08664e-09;1.35032e-09;6.26023e-11;9.12034e-10;9.11944e-10;7.66207e-10;1.21069e-10;2.03137e-10;1.18227e-09;6.73099e-10;1.87533e-08;1.85584e-10;2.92652e-09;3.80461e-11;1.92817e-09;1.85608e-09;1.99417e-10;6.58232e-11
9.98928e-07;9.09862e-08;6.6603e-08;1.30392e-08;2.18054e-08;1.50993e-07;1.78566e-08;1.01307e-06;5.99267e-06;2.73269e-07;8.30995e-09;1.00182e-06;2.05604e-07;8.39865e-08;4.04166e-07;8.91091e-07;1.34767e-06;1.27263e-07;4.18993e-07;7.58058e-07;6.71092e-08;5.76694e-09;3.21872e-07;1.70656e-06;1.98417e-07;4.18006e-06;1.75558e-06;4.91493e-08;1.83937e-09;1.92064e-06;3.62096e-07;1.10776e-05;8.7107e-08;3.4271e-07;2.17707e-06;3.53834e-07;1.05754e-07;3.89013e-08;4.77288e-06;1.11087e-07;5.95444e-07;1.86728e-08;2.85688e-06;2.33347e-07;1.13496e-06;7.12128e-08;3.97343e-08;5.00389e-10;9.05327e-08;1.08562e-08;1.05561e-07;1.38536e-07;9.57992e-09;1.13172e-08;1.1083e-07;2.57529e-07;8.59969e-08;1.40108e-07;1.36425e-07;5.6552e-06;1.29278e-05;2.44293e-06;4.15615e-06;3.08856e-05;1.52634e-07;5.26707e-06;3.47926e-07;6.77963e-07;9.94274e-09;2.33522e-07;1.32306e-07;6.51358e-06;1.10329e-06;1.42443e-05;4.99744e-09;1.62669e-07;9.30351e-08;5.82492e-07;9.52397e-07;7.22724e-07;4.06709e-07;3.08281e-09;1.26476e-07;1.69639e-08;3.23011e-07;1.25103e-06;9.97023e-08;5.40368e-08;4.84083e-07;1.9833e-07;2.1956e-08;2.4778e-07;2.00384e-07;3.39069e-06;1.94718e-08;3.9137e-07;1.52191e-07;1.1854e-06;9.08207e-07;2.32823e-08;1.86282e-07;5.84403e-08;2.62654e-06;2.38596e-07;1.29049e-07;1.77458e-06;4.81979e-08;8.0027e-08;1.48912e-07;5.25933e-07;1.08019e-06;8.01283e-07;1.77618e-05;1.76673e-06;4.78124e-05;0.0111312;0.00162938;0.0056241;0.000742765;0.951633;6.7623e-05;0.0281771;2.90855e-07;1.4023e-10;8.48583e-08;1.24081e-09;4.99887e-07;2.37936e-08;2.39461e-06;2.94586e-08;1.56873e-08;3.82735e-07;5.30799e-07;4.63842e-09;3.41408e-09;4.863e-06;4.43184e-08;2.18608e-07;1.23114e-06;1.23651e-06;1.10462e-05;3.30347e-07;4.17462e-06;3.06737e-07;4.17066e-07;4.29147e-06;5.34669e-07;5.51603e-07;3.29892e-09;3.1912e-07;1.08245e-07;7.99737e-08;1.81001e-08;2.17765e-06;5.72985e-08;5.8459e-08;4.39463e-09;1.50172e-07;7.13526e-07;1.15984e-07;1.26814e-07;9.73958e-07;1.00693e-06;2.37728e-08;2.01024e-06;1.35395e-06;1.03894e-06;1.65373e-07;8.17476e-07;1.17902e-07;7.29115e-08;4.71358e-07;1.68478e-07;3.51578e-07;2.62338e-07;6.47292e-07;1.5344e-07;1.96794e-07;8.09061e-07;6.1543e-07;3.32275e-09;2.54942e-07;1.64681e-07;7.35884e-08;2.26497e-08;4.30903e-08;9.19873e-08;8.5561e-08;1.33629e-07;7.67655e-08;2.45798e-06;1.08511e-07;5.15448e-07;1.82268e-07;3.53369e-07;4.14316e-06;4.41699e-06;9.13902e-06;3.20841e-06;1.65558e-06;5.64692e-06;1.96327e-08;1.77399e-07;9.86989e-08;3.33328e-07;1.76617e-07;1.96125e-07;7.34405e-07;1.68843e-07;2.6456e-07;2.4542e-07;9.59569e-08;1.5124e-07;1.81208e-07;9.20545e-09;8.42058e-07;1.41641e-07;4.21472e-07;3.52021e-09;2.28012e-07;3.9429e-05;2.06721e-07;6.8058e-07;3.35107e-07;5.62466e-07;4.71998e-08;1.00811e-06;1.64744e-07;3.05252e-06;4.92576e-07;5.25462e-07;3.15233e-06;1.15358e-09;1.01319e-07;4.25593e-08;2.61958e-07;3.63698e-08;6.13703e-09;2.93876e-07;1.52815e-06;3.18382e-07;4.81932e-05;1.98153e-06;5.10607e-06;3.94057e-07;5.0676e-09;3.77582e-07;1.68317e-07;6.18965e-08;2.86791e-07;2.82178e-07;3.6626e-06;1.59066e-07;4.0433e-06;8.23033e-07;1.0305e-05;6.54182e-07;1.74742e-05;1.53844e-07;3.51902e-08;2.47018e-06;8.38413e-07;1.36501e-07;1.22527e-06;1.03384e-06;1.15677e-05;1.49364e-07;6.65774e-07;1.21231e-06;3.69009e-07;8.36543e-07;1.73508e-06;8.96872e-12;2.63034e-11;6.59006e-08;1.68958e-08;1.43707e-10;1.34887e-07;3.11653e-07;3.29831e-10;1.06171e-06;3.55332e-05;2.79458e-05;2.16238e-07;7.71732e-06;8.0574e-06;1.06912e-06;1.46101e-11;2.21343e-08;5.84972e-10;2.62713e-10;1.8689e-07;1.97682e-10;6.09357e-06;2.63592e-07;2.85553e-06;2.82236e-07;1.59702e-08;7.94968e-07;2.12341e-07;1.40154e-07;8.40733e-10;1.14846e-06;8.48125e-08;6.83781e-10;6.22422e-06;1.37009e-07;0.000391066;4.45643e-07;6.2157e-07;7.22241e-08;8.95853e-07;2.64154e-07;8.21362e-07;7.1181e-09;6.5962e-08;1.35552e-07;2.10647e-07;3.71397e-10;3.96907e-09;3.82653e-07;2.22253e-06;4.09662e-07;1.24307e-09;4.40126e-08;4.53586e-07;3.47578e-08;5.28033e-09;4.03363e-08;4.6824e-09;1.10835e-08;2.59732e-07;6.59207e-08;1.08399e-06;2.78743e-07;1.06298e-05;1.26063e-08;7.27619e-08;2.0905e-08;1.29953e-06;1.28671e-07;1.98628e-07;4.96112e-07;5.08404e-06;2.39229e-09;8.11324e-08;1.66144e-07;5.09067e-07;1.99112e-08
8.94485e-05;6.81422e-09;5.96467e-08;6.39849e-09;1.26585e-09;2.2356e-09;7.10639e-11;5.97784e-09;4.585e-07;4.72388e-08;7.61637e-09;1.58746e-10;3.84542e-05;1.88832e-08;2.86545e-08;1.3883e-08;4.33292e-09;8.78405e-09;1.62518e-07;3.56331e-07;5.00111e-08;2.50252e-08;3.35334e-08;3.09448e-06;4.10762e-09;8.69862e-10;1.12763e-05;1.96603e-09;0.000122386;1.30391e-05;2.88331e-05;0.995911;2.76137e-05;4.73001e-06;0.00365503;8.4329e-07;6.67957e-08;6.34742e-09;1.22012e-05;1.55409e-07;1.18741e-05;2.85671e-07;1.18232e-06;1.20844e-07;3.58957e-09;1.81798e-08;5.19168e-10;1.24486e-08;1.5023e-08;4.11903e-10;2.25412e-07;4.45324e-09;1.33219e-10;1.74314e-06;9.18673e-10;2.69894e-08;1.26166e-08;9.71582e-09;2.5063e-08;9.07268e-09;3.86941e-09;1.3849e-09;1.14934e-09;6.32198e-10;5.68024e-09;1.44121e-08;2.52294e-09;2.47607e-09;6.44335e-09;2.40715e-08;4.24606e-09;2.25878e-09;1.72063e-09;3.19091e-10;7.33036e-09;3.95509e-09;6.51987e-09;4.58858e-08;7.34052e-10;7.38188e-09;4.95462e-08;4.54492e-08;2.45723e-07;2.91377e-08;8.08237e-07;2.18852e-08;2.06487e-10;1.48465e-06;1.1103e-07;1.9703e-08;5.38753e-08;2.06251e-08;8.49616e-09;1.10068e-07;4.60928e-09;2.44134e-07;4.49259e-09;6.03025e-08;1.66552e-07;8.8858e-09;1.30547e-08;8.06604e-10;2.76841e-07;2.92485e-09;3.72879e-08;4.12361e-08;8.41772e-10;4.43369e-09;1.02086e-08;8.10505e-08;6.67393e-11;9.69846e-10;3.03908e-08;1.46222e-08;8.62563e-08;8.43801e-08;4.42201e-09;3.48055e-09;1.29328e-08;1.5975e-06;5.66255e-09;1.00516e-08;7.06935e-08;3.51929e-09;2.28292e-07;2.66502e-10;1.02881e-08;4.47929e-10;4.82272e-10;7.46936e-07;1.49782e-08;1.43386e-08;8.39912e-09;8.63399e-09;3.07222e-11;3.45717e-08;2.34972e-07;9.82385e-07;7.26632e-08;7.29576e-08;9.52139e-09;1.73583e-09;1.33247e-09;1.49132e-08;2.54433e-07;1.65594e-08;3.66951e-08;1.89574e-07;4.4203e-08;1.67022e-07;5.50584e-08;3.29771e-08;1.06635e-09;1.33151e-08;4.294e-10;1.30949e-08;3.2369e-09;8.48618e-10;4.00295e-08;7.07032e-08;7.33785e-09;7.85313e-08;7.53113e-08;4.57516e-09;1.66612e-08;4.90464e-09;5.73746e-09;3.35835e-09;1.87675e-07;1.02257e-08;1.62118e-08;9.67291e-08;5.07967e-08;1.67019e-08;2.94913e-08;2.35143e-07;6.08108e-09;2.05117e-09;8.48755e-09;6.82449e-08;6.47048e-08;5.40709e-08;1.53254e-07;4.01739e-08;1.45791e-09;2.46355e-08;1.75569e-07;4.43399e-07;1.64468e-08;3.19464e-08;4.23313e-08;4.1114e-08;5.22263e-08;1.01515e-08;1.13155e-07;5.64856e-09;9.22761e-09;5.01875e-07;6.20114e-09;2.15847e-09;1.57394e-07;3.13906e-08;1.17124e-07;8.69898e-09;6.43754e-08;5.17814e-07;8.52795e-09;2.97737e-08;2.1373e-08;7.90111e-09;1.45441e-09;2.11459e-09;2.13053e-09;1.58493e-08;2.77618e-08;4.94345e-08;1.10082e-08;2.20635e-09;9.6522e-10;2.18884e-10;1.4779e-08;7.84771e-09;2.44961e-08;8.31853e-09;3.09337e-08;5.2515e-09;5.44145e-08;2.67223e-08;1.48931e-08;2.36654e-09;1.04304e-07;1.90948e-08;7.84306e-08;3.36464e-08;9.81132e-09;1.06595e-06;1.94048e-08;1.30714e-10;2.50353e-07;9.6741e-08;6.06663e-09;1.40693e-06;4.73699e-08;4.06578e-07;1.65874e-08;7.69968e-09;3.32559e-08;9.29311e-09;2.5035e-08;2.856e-08;1.04982e-08;5.68736e-07;1.31485e-08;4.03395e-08;1.00824e-08;7.73449e-08;7.70802e-10;1.91167e-08;1.01401e-08;2.00386e-09;4.02882e-09;1.33316e-09;5.85912e-11;1.04818e-09;3.57657e-10;1.0248e-07;8.4551e-09;1.16439e-08;8.41748e-09;4.85025e-07;9.70326e-09;1.29344e-08;3.39333e-12;3.27519e-10;1.03837e-07;6.35042e-09;3.16591e-10;2.1763e-11;4.44593e-08;1.34001e-11;1.01424e-08;5.13882e-08;3.01871e-08;2.0725e-08;2.31761e-11;1.53057e-08;5.68089e-09;3.41391e-09;2.70433e-08;1.61152e-10;3.22968e-07;9.04815e-10;1.08178e-10;4.11502e-10;4.85114e-09;2.60511e-08;5.63389e-09;1.02516e-08;2.44558e-09;1.19259e-09;6.43246e-09;6.84568e-10;6.57517e-07;1.87629e-09;2.52136e-07;7.61007e-10;1.12587e-09;3.9455e-05;1.48781e-08;2.16105e-08;1.23232e-10;1.32809e-10;3.35433e-11;4.23e-08;3.6209e-08;3.67957e-09;2.51164e-09;9.25475e-10;1.25448e-14;2.1666e-08;2.39211e-09;6.89455e-08;9.40098e-08;6.39862e-06;3.05238e-08;1.08775e-08;4.11418e-10;9.45374e-10;1.69338e-10;6.09236e-11;2.59704e-08;4.89806e-07;6.34477e-09;1.0133e-07;9.16733e-09;3.41068e-08;1.82676e-09;4.09719e-08;1.14925e-08;5.29319e-08;1.55588e-08;6.16559e-12;2.71231e-09;1.73797e-09;1.06971e-09;1.26149e-08;5.50209e-09;1.31167e-07;2.6932e-12
2.45574e-08;4.65409e-09;1.45543e-07;4.85507e-09;5.3738e-09;1.14698e-08;1.49657e-09;9.67431e-08;4.04416e-08;3.09371e-08;2.09858e-09;2.20912e-08;2.3053e-07;2.19499e-08;3.52233e-08;6.43384e-08;5.70373e-07;1.86783e-08;4.03343e-08;5.46129e-08;2.21198e-08;1.31216e-08;4.61141e-08;1.35495e-08;1.31739e-07;1.45608e-08;1.22076e-07;6.39953e-09;1.14795e-08;9.52254e-09;1.35543e-08;1.11209e-09;5.7285e-08;4.37027e-09;6.02486e-09;1.33876e-08;3.56308e-08;1.53611e-08;4.60357e-09;5.02238e-09;4.77536e-09;6.49448e-07;7.39211e-06;1.10738e-06;4.88504e-08;1.16943e-07;1.48604e-08;2.26152e-06;5.98576e-06;2.36748e-07;0.0130653;0.000906328;0.0298087;0.956042;3.18506e-06;3.56309e-05;6.31349e-05;1.17929e-08;3.87555e-08;2.96091e-08;3.49698e-08;1.87102e-07;2.15086e-08;1.51101e-07;2.90867e-08;3.72382e-08;1.62978e-08;2.63214e-08;6.41602e-08;1.52264e-07;1.68555e-08;1.17248e-08;7.99517e-08;1.00152e-07;1.17489e-07;2.79957e-08;3.50129e-08;1.637e-07;5.65945e-09;8.92943e-08;1.21881e-08;5.70042e-08;1.84154e-08;2.04818e-07;3.88825e-09;5.01039e-08;3.78759e-09;1.02199e-07;2.52337e-08;2.52335e-08;2.72674e-07;2.7459e-07;6.9905e-08;1.63813e-08;3.93889e-08;1.99156e-08;4.69058e-08;1.17464e-08;4.406e-08;1.29414e-08;5.35107e-08;1.69477e-09;6.12238e-08;4.58565e-09;6.46113e-08;4.15092e-07;2.27177e-08;8.57493e-09;1.65739e-08;1.15106e-07;2.62221e-09;1.69869e-08;6.96591e-08;1.00121e-08;1.61735e-07;3.43315e-08;1.59043e-08;3.26612e-09;4.73826e-08;1.9955e-08;2.04998e-08;2.6119e-10;1.82984e-07;1.15444e-08;4.49268e-08;3.10716e-08;2.4013e-08;1.50293e-07;1.63756e-06;3.06233e-05;1.03579e-07;4.31355e-08;4.08808e-08;7.86074e-09;1.70863e-08;1.3109e-07;1.04196e-07;3.39992e-07;7.95495e-08;5.61928e-08;9.84273e-08;2.14504e-08;1.63693e-08;3.32922e-08;2.05519e-07;8.11144e-08;4.97269e-08;7.7805e-08;1.0172e-07;3.00063e-08;1.15383e-07;4.34058e-07;7.39948e-07;2.61818e-09;6.21113e-09;2.7338e-08;1.03303e-08;2.57936e-07;7.19583e-08;7.03777e-08;1.70991e-08;2.21072e-07;6.03318e-09;7.92113e-09;5.36444e-08;3.00829e-08;2.38518e-08;8.68079e-08;5.99978e-08;4.24423e-08;1.53466e-07;5.0224e-07;7.02922e-09;4.86928e-09;8.97054e-08;3.92977e-07;5.69056e-07;2.04378e-08;4.26029e-08;9.11275e-08;6.31106e-08;9.57288e-08;3.65833e-08;1.06021e-07;1.80477e-07;1.74261e-08;1.60511e-07;1.75245e-08;3.53922e-08;5.56334e-08;1.87365e-07;3.40959e-08;3.30126e-08;1.2245e-07;5.21305e-08;5.37481e-08;4.39787e-09;3.95248e-07;5.11619e-08;4.28704e-08;4.35937e-08;6.42614e-08;2.47115e-08;3.32857e-08;1.33769e-08;1.94279e-07;3.20073e-08;2.79883e-07;1.67477e-08;1.71973e-08;1.23938e-08;3.11487e-08;1.00984e-08;5.12357e-08;7.81062e-09;4.26761e-09;3.42288e-08;2.05525e-08;4.14977e-09;7.67976e-10;1.56172e-07;1.47007e-08;1.72106e-08;8.347e-09;2.44478e-08;4.47885e-08;9.98411e-08;3.34992e-08;1.14415e-08;5.32016e-07;6.5843e-08;2.22865e-07;9.66116e-08;6.84294e-08;3.53754e-08;5.22086e-08;9.5239e-09;9.07465e-09;8.36404e-08;3.37459e-08;3.3417e-08;4.09461e-08;1.42609e-08;1.80626e-08;2.87888e-08;2.50192e-09;3.27222e-08;1.40387e-09;1.78184e-08;6.71151e-10;1.04978e-07;4.00471e-09;3.36336e-09;1.2041e-08;8.69111e-09;3.34231e-09;7.50299e-10;2.65139e-09;5.2568e-08;1.45567e-08;1.39581e-08;3.217e-08;1.4975e-07;2.08579e-09;2.48739e-09;1.9032e-08;3.64205e-08;1.88659e-08;4.08494e-08;5.41028e-07;4.69349e-08;8.74573e-08;1.28738e-11;5.47063e-10;3.90104e-08;6.85755e-10;1.18312e-06;6.92203e-08;1.95391e-08;1.62103e-07;5.20893e-08;6.97985e-08;1.45696e-07;4.72556e-08;2.29333e-09;2.45808e-09;1.5453e-08;5.81863e-11;9.98809e-09;4.2468e-09;2.1016e-08;7.43986e-10;1.7527e-07;2.61064e-07;1.71922e-08;1.49357e-08;3.21337e-08;7.02391e-10;9.80461e-08;2.64375e-08;2.70096e-08;3.25146e-11;1.17247e-09;3.49634e-11;3.85319e-09;2.00045e-11;5.93367e-08;2.91173e-08;1.91304e-08;4.03337e-09;3.49219e-08;1.81832e-08;8.99281e-09;3.80779e-08;9.72113e-09;1.92752e-08;1.7904e-09;2.44241e-10;1.0178e-07;9.34615e-08;3.67221e-09;1.69618e-07;2.53436e-08;1.93652e-08;5.95236e-08;1.41171e-07;1.118e-09;1.20304e-08;1.07068e-09;2.15492e-08;2.8195e-08;5.82485e-08;3.65236e-08;2.16953e-07;2.95555e-08;1.4368e-08;3.60219e-06;2.30957e-08;6.21073e-08;1.13194e-08;1.85649e-09;1.01952e-12;1.29725e-08;3.0133e-07;1.64257e-08;7.84975e-08;2.16885e-08;7.21701e-07;3.67e-08
1.8365e-06;3.38249e-07;4.90843e-05;5.18293e-07;2.42333e-07;5.45733e-07;7.86739e-07;0.000182393;1.83078e-05;8.83217e-06;5.50241e-08;4.34444e-06;5.03857e-05;1.17836e-06;2.14422e-06;8.51083e-06;4.86337e-05;7.86361e-07;1.60574e-05;8.14902e-06;1.07073e-06;7.38776e-07;1.23617e-05;2.15682e-05;6.3064e-05;4.93603e-06;7.84423e-06;4.16985e-06;2.48256e-08;2.42921e-05;3.91062e-05;1.30643e-09;2.15072e-08;6.59161e-06;7.65574e-08;8.40115e-07;1.00333e-06;7.35943e-07;7.27624e-07;5.30655e-06;1.02431e-07;7.84609e-06;0.000110409;2.76224e-06;5.12991e-06;4.73688e-05;1.3184e-06;8.04913e-07;5.3662e-06;1.21192e-06;2.02838e-06;8.1801e-06;1.48737e-07;4.95166e-06;3.47306e-08;1.2005e-05;7.37522e-07;3.1997e-05;1.16011e-05;0.00258851;0.979538;0.00579901;0.00050235;0.00464704;2.10554e-06;0.000652831;4.01597e-06;7.72072e-05;6.59093e-07;2.9833e-05;4.74084e-05;3.03617e-06;0.000442953;1.35471e-06;4.42266e-06;2.38002e-06;5.3703e-06;8.87021e-06;9.00636e-06;2.96933e-06;2.51873e-05;3.24836e-08;3.52008e-06;1.36885e-05;1.52106e-06;2.54078e-07;3.64912e-07;1.55073e-07;3.53006e-06;1.53112e-06;4.87061e-06;1.71818e-05;1.28175e-06;2.65887e-06;2.54045e-05;5.91035e-06;1.89523e-06;6.64499e-07;1.03342e-06;1.85671e-08;3.54999e-06;1.24384e-05;9.18177e-06;2.84132e-08;1.88601e-07;3.80435e-07;2.9067e-07;5.20938e-07;2.68065e-06;8.62781e-08;1.16724e-07;1.79206e-06;3.20657e-07;1.19085e-06;4.21431e-06;7.75463e-07;2.37256e-07;8.57829e-09;1.03793e-06;1.93196e-06;2.29196e-06;1.59688e-07;2.73256e-06;6.14155e-09;8.30657e-05;5.40024e-05;8.46207e-05;2.44861e-06;1.54062e-05;3.0981e-06;2.18816e-06;3.45783e-05;7.6895e-06;5.56824e-07;3.002e-07;7.45802e-06;8.87331e-07;9.65289e-06;0.00018086;0.00212247;6.34374e-06;4.97792e-07;5.7664e-06;2.3029e-06;6.10959e-06;1.414e-05;4.30215e-07;1.62861e-05;9.19731e-07;1.22174e-06;2.15447e-05;2.57022e-06;1.30083e-05;9.42933e-09;2.99857e-05;2.36295e-06;1.40412e-07;4.63192e-06;3.38336e-06;4.17233e-06;7.69497e-07;8.77358e-06;9.51035e-07;3.12598e-06;5.44798e-06;1.42475e-06;2.09443e-06;4.06528e-06;4.63577e-06;2.67303e-06;1.71074e-06;6.66682e-06;2.79938e-06;5.61776e-06;1.16228e-05;1.01097e-06;2.72833e-07;5.05944e-08;1.33654e-06;6.7364e-07;1.27815e-07;2.99554e-05;5.29568e-07;2.9612e-06;9.34782e-07;1.64478e-07;1.85905e-07;5.33654e-08;7.2429e-07;1.15605e-06;2.2464e-06;1.53659e-06;1.6086e-05;2.7716e-05;1.12559e-06;8.62202e-07;7.90936e-08;8.11677e-06;2.22344e-07;1.67144e-06;3.48974e-07;4.3663e-06;2.95478e-05;5.25583e-06;1.54895e-05;1.11616e-06;3.06196e-05;2.97757e-05;2.23615e-06;7.97607e-06;4.73327e-06;1.28472e-06;4.63755e-06;3.33362e-06;1.28951e-07;1.86371e-06;1.99907e-06;1.22823e-05;7.53809e-07;9.93363e-09;6.57571e-07;1.23661e-06;3.05742e-06;1.20512e-06;1.7615e-06;1.66486e-06;7.70947e-06;2.99836e-06;7.16244e-06;3.84719e-06;2.08911e-06;1.68513e-07;1.36023e-06;2.96023e-05;5.37577e-05;0.000173749;9.4036e-07;1.84913e-06;4.85983e-07;5.87717e-06;4.92809e-06;2.32094e-05;8.52876e-06;2.4823e-07;1.07095e-06;2.6247e-07;5.52441e-06;4.06231e-06;8.27616e-07;1.45653e-07;5.34675e-07;9.02039e-08;3.1686e-07;3.04093e-06;2.43435e-06;1.71544e-07;2.39489e-06;2.25171e-07;3.73846e-06;2.10666e-07;2.71619e-06;2.53051e-05;2.20579e-06;8.50807e-06;1.5257e-08;9.39893e-07;1.65419e-06;2.28971e-06;9.18361e-05;4.3982e-06;5.32878e-06;2.25692e-06;1.33392e-10;8.90767e-09;3.54765e-05;4.49873e-07;7.39141e-07;5.55825e-07;5.81948e-07;2.4786e-05;1.58355e-06;2.06161e-05;5.10706e-05;1.40195e-09;9.71354e-07;4.52997e-07;6.30234e-07;1.15888e-09;7.91266e-06;2.73753e-06;5.40516e-07;7.10159e-09;1.07907e-09;0.000611149;1.88113e-06;3.73225e-06;3.31913e-06;4.96391e-07;4.37036e-05;5.05272e-07;1.2704e-06;9.85579e-09;2.24928e-06;1.52381e-08;4.73771e-06;1.58539e-10;1.51085e-07;1.07637e-06;1.97827e-06;2.19018e-06;1.21203e-06;7.50097e-07;8.828e-09;4.14527e-06;6.3856e-07;3.91165e-05;2.97741e-06;3.31947e-06;5.63825e-05;7.36531e-07;5.93415e-07;6.18957e-06;2.3476e-06;1.9737e-09;3.46194e-07;1.02324e-05;1.59471e-06;2.57213e-07;4.14238e-08;6.40259e-06;2.72072e-07;5.18522e-06;3.97645e-06;8.82204e-06;1.22727e-06;6.63079e-07;5.39961e-05;1.02362e-06;5.70422e-07;1.83798e-06;1.25609e-06;8.55442e-09;2.88121e-07;8.30026e-09;7.1433e-08;1.49453e-06;3.14803e-07;5.65316e-07;9.90059e-08
7.69544e-10;2.66149e-10;3.5679e-09;1.38606e-10;3.36693e-11;7.18272e-08;2.35007e-11;3.40843e-09;6.4872e-09;1.11069e-08;5.2348e-12;5.30582e-07;1.04159e-09;8.8741e-10;3.38036e-09;1.62784e-08;1.61099e-08;5.97965e-10;1.19608e-08;5.27496e-09;7.90765e-10;5.03442e-11;4.82548e-09;1.62701e-09;3.23607e-07;7.0106e-11;7.86651e-09;7.59907e-11;1.56234e-12;2.27839e-09;1.69155e-10;2.2978e-13;2.89637e-07;1.97819e-13;1.97749e-10;9.05268e-11;1.06582e-09;7.15739e-10;6.67379e-10;1.10258e-07;1.29399e-10;1.82821e-10;2.03637e-07;2.87683e-10;1.53774e-10;4.63486e-08;2.59338e-11;4.87082e-11;5.22249e-09;1.81316e-09;8.4684e-11;1.50188e-07;7.30849e-10;1.14248e-08;1.23939e-09;3.51934e-09;1.64827e-08;7.15427e-11;4.7976e-09;9.99581e-09;6.13097e-09;1.87474e-09;4.42564e-10;7.50564e-09;7.30001e-10;4.04046e-09;3.27692e-09;3.13426e-09;1.4553e-10;8.3561e-09;3.16428e-09;4.80921e-10;0.000122777;3.9636e-09;1.34569e-07;1.19605e-09;2.46932e-09;6.24064e-09;8.74718e-08;7.15692e-10;5.82824e-09;7.04485e-12;1.46814e-09;1.01791e-09;2.49675e-09;5.49476e-08;3.58395e-09;6.6997e-10;8.15243e-09;2.05808e-09;2.52275e-10;2.76038e-09;2.8172e-09;1.45969e-10;8.78245e-06;4.15156e-11;1.52391e-08;2.39147e-10;5.54302e-09;3.67041e-13;6.63539e-10;1.18393e-09;1.53935e-11;1.67923e-07;1.80643e-12;3.64625e-10;1.05922e-10;3.42768e-10;1.45979e-09;9.66542e-10;4.67528e-09;7.6787e-10;1.46377e-10;8.1152e-10;4.07254e-09;2.60919e-11;5.30885e-07;1.62021e-11;9.73728e-11;9.94493e-10;5.52894e-09;1.66428e-09;6.97098e-10;2.47554e-13;9.97518e-10;3.55826e-11;7.96708e-12;4.86628e-07;6.1265e-10;5.90804e-11;2.30451e-10;3.9385e-09;4.28514e-10;1.97497e-10;8.64504e-08;6.61291e-10;2.48725e-10;1.50292e-08;3.45943e-08;3.7425e-08;2.01811e-07;1.47036e-09;2.93859e-07;1.15037e-09;4.13457e-09;7.57464e-07;3.75208e-10;1.00405e-08;8.08963e-11;1.45416e-09;4.81564e-10;2.83517e-13;6.59899e-08;1.60203e-11;1.45703e-08;8.20149e-10;5.54059e-10;4.5468e-08;1.50529e-09;1.09889e-10;3.68431e-10;1.5375e-09;5.69642e-12;2.35452e-08;1.21396e-11;2.51281e-10;1.38579e-10;1.32035e-09;2.77649e-09;2.96363e-09;1.76219e-10;2.45566e-09;8.00311e-10;3.94121e-10;1.14268e-07;1.28527e-11;3.99215e-09;1.24907e-09;1.93801e-07;5.49039e-09;1.59781e-11;2.29458e-09;7.23215e-10;1.25286e-11;2.2625e-08;3.64151e-11;1.75482e-09;2.83434e-11;1.31989e-08;5.18529e-09;9.38051e-10;6.08124e-11;1.30836e-09;6.07558e-10;1.02881e-10;1.47541e-08;3.75665e-11;2.55992e-09;3.91639e-08;4.26377e-08;1.63064e-09;1.30389e-10;2.17092e-09;3.3885e-10;9.06622e-11;1.97721e-08;5.26278e-11;2.63098e-09;5.06144e-10;3.18409e-09;4.46027e-10;1.6218e-09;4.5404e-09;2.38101e-09;1.31981e-11;9.72452e-10;6.97902e-09;3.27889e-09;5.61372e-08;1.87243e-11;2.12924e-10;5.47547e-10;2.35175e-09;1.54356e-08;1.11354e-09;2.13289e-10;1.54046e-09;4.9046e-09;1.12164e-09;2.36697e-07;3.47972e-10;2.64854e-09;2.01352e-11;6.80227e-10;1.04419e-09;4.9193e-10;9.71136e-08;5.4745e-12;2.01368e-07;1.75451e-09;3.89713e-09;6.44804e-10;3.64941e-08;1.62528e-11;8.11403e-10;1.19665e-10;1.40429e-08;1.12e-09;1.11188e-11;2.36851e-07;9.43535e-12;1.93396e-10;1.05332e-10;2.53702e-09;5.64562e-09;1.13881e-08;1.59144e-08;8.75325e-10;9.99798e-10;8.61067e-11;2.3393e-09;1.16906e-08;1.92033e-10;4.75232e-08;8.40848e-11;3.43339e-09;1.28199e-09;4.33776e-10;6.96273e-09;1.79423e-08;5.14773e-08;1.72521e-10;6.92499e-14;2.04215e-12;4.94261e-08;6.79886e-10;2.57226e-14;1.56099e-06;3.33848e-14;1.30447e-08;1.15201e-10;4.5775e-09;1.22029e-09;5.06304e-10;2.09704e-09;2.09177e-11;8.48794e-07;2.86087e-09;2.74087e-05;8.76162e-07;0.00119363;0.998573;3.01678e-07;6.49002e-07;3.0193e-08;1.96646e-06;4.85018e-08;1.68701e-05;3.87931e-05;3.82783e-06;3.24701e-09;5.03221e-12;2.01359e-09;7.36194e-11;7.62526e-11;1.4233e-08;1.69047e-11;7.86715e-11;9.13998e-10;3.87586e-08;7.33728e-09;1.69684e-06;7.6189e-11;1.76459e-09;3.72696e-10;5.68724e-08;9.91072e-10;9.02503e-11;6.97481e-09;3.08693e-11;1.79326e-08;3.51913e-09;3.17905e-09;5.952e-12;2.72905e-11;1.8993e-09;1.83911e-14;1.11613e-07;6.51983e-11;8.76818e-10;4.62628e-11;1.65322e-09;1.67185e-09;1.09014e-09;2.01322e-09;5.75405e-09;6.48646e-10;3.80484e-10;6.01992e-10;6.09357e-09;1.06774e-10;4.181e-08;1.1932e-10;2.50979e-13;3.66585e-11;2.68694e-09;2.89944e-10;4.9963e-09;7.44519e-08
1.7887e-08;2.99126e-09;1.01606e-09;1.82858e-11;7.98247e-12;4.6408e-10;3.946e-11;1.2421e-08;5.85631e-10;1.49575e-09;7.95834e-11;2.12389e-10;5.43563e-09;2.7332e-09;1.45405e-09;3.28649e-08;1.62183e-09;3.8153e-10;1.52006e-09;4.03457e-10;9.22759e-11;3.49104e-10;3.53254e-10;2.88185e-10;9.63983e-10;3.31104e-09;2.17988e-10;2.05009e-09;3.58368e-11;6.77598e-11;4.52267e-12;1.05577e-09;2.81375e-09;3.66274e-13;3.94591e-10;2.37648e-10;2.27996e-10;5.59579e-10;1.44229e-12;2.82688e-10;5.87086e-11;6.15517e-08;5.83673e-08;1.44167e-11;4.40402e-10;5.79225e-08;3.60859e-11;1.25049e-10;1.40648e-10;2.68421e-11;2.17546e-10;9.73102e-10;9.38641e-13;5.906e-11;3.9103e-12;3.56392e-10;2.62429e-10;5.86306e-09;3.81221e-09;2.23574e-09;2.57245e-07;2.56586e-09;2.19521e-10;1.44566e-08;1.16118e-09;8.77136e-09;1.70713e-09;1.75049e-09;9.21646e-10;3.85133e-10;2.88284e-10;9.03489e-10;6.35877e-09;3.6392e-09;3.11596e-09;2.78239e-10;2.69762e-10;4.06621e-09;2.17502e-09;2.40416e-09;3.44853e-09;1.61704e-09;2.02628e-08;1.33673e-09;2.05764e-07;8.10012e-08;1.33164e-08;7.79131e-11;6.9761e-09;1.20069e-09;2.48286e-09;3.36024e-10;7.96914e-10;8.91812e-11;9.09079e-10;2.07188e-10;6.48781e-11;2.45506e-09;2.39957e-09;1.22963e-10;5.32013e-10;1.03453e-11;1.15353e-09;2.1804e-09;3.67407e-11;1.4612e-12;1.43637e-09;3.85474e-10;4.74379e-10;5.0131e-09;2.92666e-10;6.81885e-11;7.8536e-10;4.30425e-10;5.39787e-10;7.41699e-11;1.1786e-08;3.52591e-11;1.02139e-10;1.27104e-09;6.63741e-10;2.69404e-11;8.24469e-10;2.69177e-10;1.77444e-10;5.90726e-12;1.69089e-09;8.41164e-08;5.96808e-13;2.28129e-12;8.82964e-10;5.08072e-09;6.69344e-10;3.58526e-11;3.61959e-10;8.77435e-11;1.73398e-09;1.2703e-08;2.30013e-09;1.08498e-10;1.43164e-10;9.02482e-10;1.54203e-08;4.65143e-09;1.62625e-09;3.78549e-09;6.1174e-10;2.32772e-09;1.00078e-09;2.16651e-09;1.90324e-11;3.207e-09;3.32056e-10;1.94357e-10;8.70554e-11;8.82506e-10;1.01187e-10;5.38854e-09;8.77134e-10;9.2724e-09;3.19373e-10;2.49349e-09;5.07166e-09;1.04912e-08;7.43046e-10;1.65153e-10;1.0468e-09;7.6011e-10;1.74285e-09;2.41052e-09;5.76813e-09;4.01499e-09;9.06024e-10;1.22118e-09;1.4682e-08;5.47785e-10;4.6323e-10;6.84008e-10;2.72446e-08;1.2494e-07;1.2292e-09;1.74538e-09;3.67518e-09;7.24845e-10;1.56471e-07;3.14367e-09;2.5771e-11;1.65451e-09;8.76505e-09;1.3388e-09;3.45448e-09;1.07354e-09;6.5611e-09;3.28299e-10;6.84942e-10;2.76563e-10;1.23991e-10;4.73026e-09;1.6579e-09;1.68884e-09;4.32088e-10;2.48605e-09;2.4654e-09;5.49343e-10;3.44149e-09;5.15223e-09;1.01193e-10;8.24431e-10;1.6329e-09;3.34235e-10;3.25086e-10;4.14769e-10;2.52465e-09;6.08082e-09;6.41666e-09;4.98309e-09;5.95088e-09;7.54853e-08;1.42685e-09;1.25412e-09;2.76505e-09;3.7678e-10;5.27969e-08;2.14325e-09;1.5e-09;7.44966e-09;2.14199e-09;3.78857e-10;1.48381e-09;8.56592e-10;1.68771e-09;2.73427e-10;9.2562e-10;1.79596e-09;9.87575e-10;8.17515e-11;7.11083e-09;2.72e-11;1.34356e-10;8.1122e-10;6.1731e-10;1.65854e-10;2.2387e-09;7.3961e-11;3.83781e-10;6.59431e-10;4.43287e-09;7.10433e-11;1.66728e-08;3.9537e-09;5.60925e-11;1.28172e-09;2.98821e-10;1.23044e-09;3.07589e-10;5.52179e-09;5.9588e-09;1.62141e-10;4.42636e-10;2.08384e-10;5.1134e-10;3.22191e-10;3.79835e-09;9.68039e-11;3.52938e-11;4.60399e-09;5.6173e-10;2.71204e-10;3.81378e-10;8.17375e-09;1.91677e-09;8.38475e-10;4.18866e-12;4.13772e-11;1.68285e-09;4.4185e-13;4.35565e-11;5.58574e-08;7.82678e-10;4.61148e-14;6.27523e-10;1.52928e-10;1.78594e-10;1.59458e-12;1.41208e-10;2.32346e-11;1.147e-09;8.63963e-10;1.6784e-09;3.21187e-12;1.30364e-10;2.58253e-09;1.21779e-11;7.77232e-14;2.43295e-09;1.10692e-09;3.88239e-10;1.53177e-11;2.37464e-10;2.48468e-10;2.33238e-10;1.17015e-09;7.46483e-09;1.91944e-12;1.11854e-11;1.58627e-10;8.63992e-16;3.35748e-11;1.39691e-09;1.67644e-09;1.20564e-10;1.01543e-10;1.04082e-10;4.59841e-10;1.13629e-09;6.53088e-10;3.00088e-10;2.51528e-09;1.70509e-11;1.30079e-11;7.20929e-10;2.16372e-09;2.06007e-09;0.995903;3.49939e-07;3.46015e-08;0.00395709;0.00010254;2.41517e-05;6.51712e-07;4.3263e-08;1.64173e-07;2.5449e-08;7.56514e-06;9.51801e-08;2.75364e-06;1.43877e-10;6.18703e-09;2.19366e-09;8.89604e-09;2.2086e-10;4.13549e-11;1.73138e-11;1.20163e-10;2.37707e-11;1.66286e-10;2.01467e-11;4.44704e-11;2.78537e-11
2.20689e-08;8.29407e-07;3.96193e-07;3.2657e-07;7.46729e-07;1.3671e-05;6.37441e-08;5.07655e-11;1.49722e-07;8.97583e-08;1.00227e-08;4.82055e-09;5.0334e-10;1.57504e-07;8.48982e-08;8.96851e-08;5.34893e-07;1.4559e-08;1.15308e-10;3.71329e-08;7.87345e-09;2.63823e-08;2.52666e-08;4.60041e-07;2.54055e-06;2.02957e-08;4.08371e-10;1.82769e-10;6.25254e-10;9.23137e-09;1.35439e-09;7.07727e-11;7.74231e-06;3.00998e-09;1.06838e-12;8.4811e-09;8.38969e-09;1.44029e-08;1.48642e-10;2.85519e-09;1.54021e-10;3.7835e-08;5.59914e-08;8.72951e-09;1.08617e-06;1.74611e-05;1.06328e-09;2.0194e-07;4.2366e-07;2.01479e-08;7.16676e-09;3.21706e-05;3.75224e-07;6.64469e-11;3.22216e-11;1.46788e-08;1.14908e-08;6.50725e-08;1.74082e-07;1.46588e-07;7.53455e-08;4.58043e-08;1.41141e-08;1.03262e-09;1.47241e-08;7.45843e-09;2.25037e-08;7.52937e-08;4.51581e-07;2.64152e-06;2.65551e-07;4.4111e-09;7.92751e-08;1.56836e-08;8.94008e-09;4.79022e-08;3.25882e-08;6.40697e-08;6.25286e-07;2.09969e-07;1.80686e-08;3.59825e-08;6.02257e-06;2.14568e-06;1.00546e-09;2.55367e-07;1.20116e-08;1.04611e-10;1.01435e-07;2.96033e-08;1.52448e-07;1.68437e-07;4.73172e-08;3.62659e-10;1.07591e-08;6.36791e-11;1.71084e-11;4.94089e-08;5.2676e-09;0.000107567;0.000459581;5.30403e-06;0.00119706;0.997178;2.93292e-05;3.71574e-07;8.49514e-06;1.18351e-08;7.85325e-08;0.00033706;0.000377355;6.01334e-05;1.75403e-06;3.33753e-08;7.26913e-07;9.44735e-11;3.64115e-07;7.08284e-09;3.69873e-11;2.78537e-09;4.34807e-08;7.33255e-10;5.14029e-08;8.56928e-08;5.86739e-08;9.55529e-09;1.03193e-08;4.18264e-06;2.32001e-08;9.01994e-12;1.04381e-07;2.69335e-07;1.98165e-07;2.11446e-08;5.71677e-07;3.15986e-09;4.03935e-07;2.25957e-07;1.99374e-07;3.4932e-09;8.31631e-07;3.2032e-08;1.73051e-08;8.82361e-08;5.28595e-09;2.97135e-08;5.5951e-09;5.48622e-09;1.18204e-07;2.00757e-07;4.17833e-08;6.22637e-11;2.62713e-06;2.79612e-10;5.31608e-11;1.32257e-08;1.67826e-11;6.87009e-09;4.39231e-09;9.91588e-08;2.29915e-08;2.32724e-07;3.51598e-09;4.45885e-07;1.34047e-06;3.97019e-11;1.43229e-09;1.71272e-08;7.72187e-09;7.0275e-08;3.07187e-06;3.43612e-06;2.61189e-07;3.81843e-08;3.33655e-07;8.10196e-08;6.66405e-09;6.12537e-07;1.08492e-07;1.25965e-07;8.70263e-08;1.46976e-07;3.09805e-08;9.19679e-07;5.58703e-06;9.08087e-09;1.66634e-09;9.51157e-09;3.94032e-07;9.73524e-08;1.14353e-08;8.71874e-07;4.44984e-06;1.04803e-06;8.99408e-09;3.95197e-06;1.51988e-08;2.02388e-09;2.48734e-09;5.93853e-08;1.12509e-08;3.44724e-07;6.62736e-07;4.35176e-08;3.93873e-07;7.0316e-08;1.53529e-07;4.13819e-09;5.71981e-08;6.66631e-08;2.90545e-07;1.24187e-08;4.41407e-07;9.9882e-09;3.58992e-09;3.17386e-08;7.39919e-08;1.2634e-11;1.61187e-08;6.91182e-10;6.54901e-12;3.60726e-08;1.86273e-08;1.30949e-07;2.59361e-08;6.0803e-08;7.75297e-08;9.27187e-08;1.07994e-09;4.25624e-09;6.2161e-09;5.89146e-12;8.67941e-08;1.47314e-06;5.57142e-08;8.62769e-11;2.17977e-08;4.72946e-08;6.80224e-12;9.5154e-09;3.4696e-08;2.48806e-08;2.4845e-07;5.18106e-08;3.44205e-08;1.25888e-07;5.54983e-07;7.52237e-09;2.43229e-07;4.31438e-08;3.47138e-09;4.93817e-11;2.96782e-08;3.28129e-08;7.7617e-08;1.95014e-08;2.00553e-06;1.23163e-08;1.77192e-08;1.53337e-07;1.66465e-07;5.01751e-08;1.32831e-08;1.18403e-09;1.9441e-09;3.01516e-12;4.84637e-08;3.06404e-08;4.41399e-08;1.20806e-08;3.98804e-08;1.31799e-07;2.55325e-13;1.46736e-08;9.2591e-07;1.39512e-09;3.37358e-09;6.50435e-05;1.77393e-09;5.575e-11;1.31916e-08;3.30559e-09;1.54028e-09;8.04373e-10;3.80434e-08;2.95588e-09;4.57786e-09;2.95941e-08;7.57593e-07;2.622e-08;2.94452e-10;1.35012e-06;1.18754e-07;4.64878e-14;1.73828e-08;3.05452e-08;3.43585e-08;2.18758e-11;5.3285e-08;4.17846e-08;1.55265e-08;1.14491e-07;5.54578e-08;1.81837e-09;7.95774e-07;4.61102e-09;2.70752e-10;2.84522e-16;4.86722e-08;3.42496e-08;3.68261e-09;4.31322e-09;2.16725e-09;3.37448e-08;1.48311e-07;1.14639e-06;1.1658e-07;1.59442e-10;1.72549e-05;5.35674e-11;1.05045e-10;6.38118e-08;2.3045e-08;7.57893e-11;1.58796e-07;8.65857e-08;5.06736e-09;4.92331e-08;5.73942e-08;9.86246e-10;9.5401e-07;6.73957e-07;6.02382e-08;5.8505e-07;1.81078e-07;2.90391e-07;3.83107e-07;4.67386e-09;2.15844e-08;5.90755e-07;4.03008e-10;5.91208e-10;3.74831e-08;2.56718e-09;2.02063e-08;5.81249e-07;6.89189e-09;3.24214e-08;2.2272e-06
2.97839e-06;3.70127e-07;4.94023e-07;1.0843e-07;8.15579e-08;1.11226e-06;4.19904e-08;1.54328e-06;4.87757e-08;3.77013e-08;2.32905e-07;8.14272e-08;6.87456e-08;5.07063e-08;4.77156e-08;1.66915e-07;1.00098e-07;1.27892e-08;5.55783e-08;5.05531e-07;1.7876e-06;3.93328e-08;2.94624e-08;3.67228e-07;1.15086e-07;3.87067e-08;3.20771e-07;0.999717;5.87844e-09;3.39343e-07;1.18982e-08;6.20425e-08;4.65709e-08;3.72849e-08;4.5079e-09;1.58732e-08;3.80803e-08;1.37548e-08;4.97625e-08;1.00269e-08;4.39136e-10;2.24586e-06;0.000113179;7.0349e-07;9.70148e-07;6.94721e-05;3.26321e-08;1.95949e-08;6.63728e-08;1.61913e-08;8.9567e-09;4.29172e-09;1.45182e-10;1.43656e-07;6.31677e-12;1.59329e-08;5.19986e-09;9.54592e-08;8.20806e-08;1.02135e-07;1.14885e-07;3.48507e-07;2.76802e-07;5.19693e-07;3.40782e-08;2.59191e-08;6.23658e-08;5.90031e-08;2.13925e-08;3.0855e-08;2.0906e-07;1.49357e-08;1.88491e-07;1.1743e-09;1.30604e-08;1.50174e-08;3.43587e-08;2.18591e-08;2.00616e-08;1.97207e-08;1.2735e-08;1.80772e-09;8.85346e-08;5.23984e-08;5.96863e-10;1.60093e-08;9.60038e-09;1.02479e-10;2.65352e-08;2.76082e-08;6.44799e-08;2.93279e-07;1.88249e-08;2.89961e-07;1.16383e-06;2.94926e-09;1.17575e-07;1.66235e-08;1.00438e-08;4.29033e-09;8.96072e-08;7.90829e-08;2.13779e-09;5.36635e-07;1.46734e-08;1.23544e-09;2.69602e-08;1.57975e-08;2.71996e-08;2.9648e-08;2.63691e-08;1.07752e-08;8.55728e-09;1.62352e-08;1.13339e-07;2.35131e-08;3.97906e-08;5.77239e-09;8.08875e-08;6.48812e-09;9.89624e-09;4.35996e-09;7.02891e-09;1.30556e-08;1.0963e-07;1.62472e-07;2.35114e-08;7.53974e-09;4.05113e-11;2.3729e-10;5.9898e-09;2.40909e-07;3.21572e-08;1.89133e-09;3.2632e-10;7.05391e-11;3.75404e-08;2.54939e-07;1.39543e-07;3.05312e-09;8.70626e-09;1.17438e-08;2.25284e-08;1.23658e-08;9.12789e-08;2.39311e-08;3.8662e-08;1.24678e-08;7.8637e-09;2.27976e-07;8.05395e-08;4.92163e-08;5.91291e-09;1.62596e-08;6.26099e-08;9.81372e-09;8.51783e-10;1.19972e-09;2.89996e-08;4.43106e-08;1.87652e-08;2.37909e-07;1.53778e-06;1.36455e-06;5.96616e-08;2.18127e-08;1.56291e-08;1.24669e-08;4.34288e-09;2.09241e-08;4.04362e-08;1.3764e-07;2.48306e-08;2.57224e-07;4.16718e-08;4.23276e-08;3.84749e-07;7.36421e-09;6.82344e-08;7.47129e-08;3.85292e-08;2.04498e-08;9.36038e-08;2.42265e-08;2.22028e-07;4.92739e-08;1.03064e-07;2.62079e-08;1.67704e-08;5.18665e-08;3.66218e-08;1.87018e-08;1.551e-07;4.2951e-08;9.83603e-08;1.56645e-08;7.85365e-10;8.37135e-09;3.4924e-09;2.71159e-09;4.69964e-09;6.90766e-08;1.91165e-07;3.84048e-08;4.04098e-07;9.84896e-08;4.98796e-08;5.6144e-08;1.09482e-08;1.24227e-07;1.99668e-09;3.39381e-08;9.38322e-08;8.02403e-08;2.09038e-08;1.4318e-07;1.15023e-07;6.47446e-07;1.72121e-08;1.30343e-07;1.00149e-07;2.85344e-08;1.45224e-07;8.21342e-08;1.84561e-08;5.7923e-08;2.15802e-07;1.14001e-07;5.58708e-08;2.87039e-07;1.01116e-07;2.53171e-08;1.08071e-08;3.35004e-07;1.44409e-07;3.41424e-08;2.46148e-08;7.17164e-10;2.78986e-08;3.45122e-08;1.62766e-08;4.1759e-08;2.32884e-08;2.65903e-08;1.427e-08;1.38021e-07;1.96619e-06;1.1448e-07;4.86095e-08;2.21303e-07;6.41572e-10;6.55244e-08;2.73121e-08;1.49425e-08;5.37424e-08;2.21764e-08;4.31797e-08;7.48758e-09;5.62913e-08;5.17674e-09;1.07121e-08;1.47174e-07;1.61678e-07;5.17169e-08;1.22633e-09;1.1829e-09;2.85683e-08;1.08035e-08;7.74167e-08;1.13221e-07;3.32154e-08;1.00577e-07;1.61291e-10;9.3574e-09;1.3221e-07;3.45753e-07;5.07282e-12;1.24708e-08;8.92423e-06;1.69257e-10;1.98161e-08;9.04972e-08;6.57248e-09;5.12737e-08;1.01435e-07;2.97036e-09;6.79579e-10;2.12194e-09;1.85991e-07;2.66528e-08;1.53349e-09;9.38847e-08;9.70458e-10;5.92564e-10;2.03921e-09;1.05573e-08;2.15544e-08;8.96183e-09;2.264e-09;7.77291e-10;1.11393e-08;5.0087e-09;3.4196e-08;1.44024e-08;1.82154e-09;3.59262e-09;5.91157e-10;1.75672e-08;2.11545e-08;4.53329e-09;1.69082e-09;7.98666e-09;1.41991e-09;2.27889e-08;4.61551e-08;1.93975e-07;4.06273e-07;3.98731e-07;4.82865e-06;6.70679e-09;1.39819e-07;3.1311e-08;1.17668e-07;1.21377e-05;7.75007e-09;3.3099e-08;7.34813e-06;2.27015e-09;1.95808e-08;1.45058e-09;4.61591e-08;7.92934e-07;1.64786e-07;5.53741e-08;8.56831e-08;2.25155e-08;1.2617e-06;2.56268e-05;3.99027e-08;1.10878e-07;6.08343e-09;1.96693e-08;7.69513e-09;5.63383e-10;3.16878e-08;6.68772e-07;3.4221e-07;3.32985e-09;1.07033e-08
1.99821e-11;2.57841e-08;6.66135e-08;1.36806e-08;1.00889e-08;8.27156e-09;2.63375e-09;1.09875e-08;2.30017e-09;1.30306e-08;6.07826e-10;1.95407e-08;4.65913e-10;9.6706e-10;3.94182e-09;6.74235e-10;1.49492e-09;1.48815e-09;3.65372e-10;4.2835e-08;4.98479e-09;1.48052e-10;3.31089e-09;1.59916e-09;2.61373e-10;2.38893e-09;1.00352e-09;1.06053e-09;7.05593e-10;3.20912e-08;2.84563e-08;8.68064e-10;2.83754e-10;1.03396e-08;5.83101e-11;9.10045e-10;2.09671e-09;8.83173e-10;6.71334e-07;8.96703e-11;1.91458e-09;5.57282e-11;7.96727e-10;7.17755e-10;5.59759e-09;1.16125e-08;4.80585e-09;1.91084e-10;1.51377e-08;2.90159e-09;1.65414e-08;2.09639e-10;9.64484e-12;1.38372e-11;2.12359e-11;3.14241e-09;2.97321e-10;5.51117e-10;1.94327e-09;1.82439e-09;4.07756e-09;7.21462e-11;3.2239e-09;1.19701e-10;9.61695e-10;3.13018e-09;1.26619e-09;2.1435e-09;1.54599e-09;8.85734e-08;7.33289e-08;1.35863e-09;1.12102e-08;2.5272e-10;7.40947e-09;2.95703e-10;7.25054e-09;1.58037e-09;3.88173e-09;4.47701e-10;8.5551e-09;5.80927e-11;1.82552e-08;1.04654e-08;4.27242e-09;8.58092e-12;8.00521e-09;2.41158e-10;1.60584e-09;8.75036e-10;1.64293e-10;1.73366e-09;5.4371e-10;1.19222e-08;2.14075e-10;2.47057e-11;1.12491e-09;1.08031e-09;1.12898e-09;1.51509e-10;2.56769e-07;2.17896e-08;6.74401e-09;1.38214e-07;3.15035e-09;3.99089e-10;3.39217e-10;1.59927e-09;5.69627e-09;2.62549e-09;2.40242e-10;1.96394e-09;1.59732e-10;6.80467e-10;1.15075e-09;5.55039e-12;5.2483e-11;3.34996e-09;1.71205e-09;8.35119e-10;1.8397e-09;3.06333e-10;9.22381e-10;2.38748e-10;5.85479e-08;4.26517e-08;8.6213e-10;7.05819e-10;7.97326e-10;4.80634e-12;6.48395e-10;1.63107e-09;7.15644e-10;1.95753e-10;9.49855e-11;5.47361e-10;3.37762e-10;5.12222e-09;1.3648e-08;5.57194e-10;3.43825e-09;6.0772e-10;1.02216e-10;1.31378e-10;3.54156e-11;8.42589e-10;2.40927e-10;2.10808e-09;1.8114e-10;1.96248e-08;1.0706e-08;3.16258e-10;8.73735e-10;4.93624e-08;2.05977e-10;7.88859e-10;3.78733e-10;2.62528e-10;2.03568e-08;1.13243e-09;1.37299e-09;6.60301e-09;2.67744e-10;1.52853e-09;1.82768e-08;1.07051e-09;8.25911e-10;2.88669e-09;1.47804e-08;1.75631e-09;1.82901e-09;1.51465e-08;3.00802e-08;2.8224e-08;2.22202e-09;1.85885e-08;2.06761e-08;4.46255e-09;3.5888e-09;1.73361e-09;8.67412e-11;1.18716e-08;2.96373e-09;2.08487e-09;2.31198e-10;1.66861e-10;9.33027e-10;1.84805e-10;1.23304e-10;1.20196e-09;9.37637e-09;1.47177e-09;1.42619e-07;5.16985e-08;3.81257e-09;2.85201e-09;1.53546e-09;4.47747e-09;3.12746e-09;7.26474e-09;1.97688e-09;8.57674e-10;5.46056e-08;6.06325e-09;4.19917e-08;2.73555e-10;2.09242e-08;7.16855e-09;3.19482e-10;2.4681e-08;6.97495e-09;9.46104e-10;3.14377e-09;2.79696e-09;2.03211e-10;1.32202e-08;9.5523e-09;1.57724e-10;9.69816e-09;4.72127e-08;1.07735e-10;1.72783e-09;2.31137e-09;2.05621e-09;1.72184e-09;2.92117e-09;4.81628e-08;1.09003e-08;2.55199e-06;9.36598e-09;1.83758e-08;9.50838e-09;4.30323e-10;5.89095e-08;1.03466e-08;9.22311e-10;1.50313e-09;9.64263e-11;7.55793e-10;4.19407e-10;8.86395e-10;1.02857e-08;4.24484e-10;1.12686e-09;1.02776e-09;9.03367e-10;2.13345e-08;7.25011e-08;3.89289e-10;1.16719e-09;1.15153e-09;8.90398e-10;2.44736e-10;6.45117e-10;9.05151e-10;6.7456e-11;2.73352e-09;1.63614e-10;2.45506e-09;4.4912e-10;1.02078e-08;2.7373e-08;1.6065e-11;4.6864e-09;4.9393e-10;4.66302e-09;1.16549e-09;2.09859e-09;1.48153e-08;7.38042e-11;7.94568e-10;7.27385e-10;6.16116e-05;6.13088e-07;2.03946e-05;3.9758e-05;3.16876e-06;1.18784e-06;4.17544e-05;0.999813;2.90775e-08;1.31479e-06;2.60527e-07;1.27197e-06;9.04788e-08;9.01937e-06;1.08997e-09;2.23071e-10;2.07519e-08;1.49915e-08;9.05442e-11;1.37179e-07;7.25594e-10;4.49404e-10;2.64803e-10;1.02233e-09;1.98768e-09;1.93638e-11;8.83348e-11;4.43535e-10;2.4021e-09;8.75982e-10;3.52003e-07;9.85337e-09;8.72351e-09;2.55486e-10;1.14298e-09;5.40435e-11;5.09371e-10;3.35131e-09;1.23903e-09;2.40888e-10;1.34407e-10;1.59937e-09;5.36147e-10;5.57964e-08;3.58303e-09;2.97774e-12;6.92104e-09;4.40241e-10;8.48162e-11;1.79597e-10;9.60297e-10;5.34055e-12;2.25482e-10;2.5183e-09;5.63953e-08;9.4784e-10;2.05243e-08;1.35093e-09;3.34505e-09;4.55987e-08;2.16779e-09;6.18733e-10;2.21428e-09;1.64018e-09;5.84938e-10;9.24592e-11;2.17104e-10;2.67496e-09;7.92149e-09;1.82884e-09;4.0382e-10;3.78847e-11;1.51711e-10;4.78765e-08;1.29132e-08;2.36233e-09;5.13886e-10
4.69191e-13;1.53934e-12;6.06394e-11;9.41032e-11;1.4588e-11;1.44022e-10;1.40147e-11;7.35881e-12;3.52406e-11;6.9352e-10;2.70551e-11;2.08492e-09;3.04347e-11;1.76985e-10;2.26858e-10;9.14917e-11;4.17162e-11;8.67805e-11;5.29107e-10;9.11171e-10;4.90616e-10;3.78573e-12;1.43269e-10;1.14369e-10;1.51773e-10;1.65307e-10;6.58198e-09;2.57357e-10;3.12753e-13;5.11741e-11;9.60366e-12;3.04388e-10;3.52054e-10;1.63033e-12;3.05034e-10;8.96146e-12;4.71484e-11;2.61076e-11;9.70875e-11;1.10488e-11;1.50389e-12;6.81916e-12;2.77656e-11;2.07499e-10;5.48812e-11;2.5971e-10;8.67206e-12;3.49641e-12;1.78211e-10;2.81432e-11;7.38526e-11;2.50417e-11;5.55254e-11;9.30559e-10;6.29999e-10;2.30448e-09;2.21411e-09;5.77385e-12;1.06329e-10;9.01672e-11;8.48147e-12;9.93185e-12;1.26073e-11;5.99564e-12;7.07301e-11;1.83909e-08;3.50683e-09;1.27576e-09;1.42686e-12;2.60123e-11;6.17277e-11;3.23188e-11;3.3414e-09;6.64771e-11;1.52031e-09;2.65818e-11;1.47701e-10;1.26469e-10;8.44115e-11;1.63241e-11;1.22069e-10;1.9579e-11;1.96229e-10;9.33138e-11;8.81496e-10;5.39739e-09;1.36448e-11;3.18244e-10;3.95988e-10;6.35289e-11;1.33139e-11;1.77731e-10;9.59595e-11;4.19454e-09;7.1999e-09;5.30527e-11;3.92914e-09;7.76587e-09;1.80304e-09;1.80269e-13;6.52264e-11;3.58508e-10;1.57635e-13;1.17905e-10;5.54711e-14;1.09643e-10;1.22584e-11;5.57089e-11;1.35976e-10;3.21098e-09;2.23937e-09;1.42749e-09;1.22867e-11;4.11334e-11;1.96748e-10;1.80638e-13;5.4144e-11;2.44743e-11;4.11338e-12;2.48481e-09;8.1769e-09;2.35631e-09;4.60717e-09;3.79648e-13;9.78891e-12;1.02601e-11;5.39311e-14;6.73828e-11;2.13907e-13;8.03546e-12;4.5518e-11;1.57299e-10;3.19615e-11;4.38818e-09;6.55526e-09;4.49495e-11;5.64681e-12;6.58353e-11;1.577e-10;5.6818e-13;2.47495e-10;4.1993e-11;4.15661e-10;2.64864e-11;1.55778e-08;1.73059e-08;7.64654e-10;2.16666e-10;8.51636e-12;3.59372e-10;1.23144e-10;4.0449e-13;5.41655e-12;3.62312e-11;5.38429e-11;6.84271e-11;4.5e-08;2.69165e-09;6.93232e-08;1.5537e-11;5.6204e-11;7.08132e-11;4.04412e-11;4.79352e-10;3.54804e-12;4.35677e-10;1.04501e-08;1.06187e-08;6.20235e-08;7.76571e-11;6.7464e-11;4.78434e-11;1.34139e-10;1.56575e-11;2.61909e-11;4.51759e-12;1.17625e-10;3.98521e-08;1.40742e-09;1.14268e-08;7.18237e-13;3.87983e-11;6.94728e-11;1.2055e-12;5.11198e-11;8.74412e-12;5.67084e-10;8.09762e-09;5.1554e-09;1.87946e-09;1.64868e-09;1.62345e-11;4.04244e-10;2.25766e-10;8.50047e-11;1.66883e-10;3.34092e-12;6.44e-11;5.0141e-08;1.19397e-08;5.29124e-09;8.31122e-12;1.6767e-10;2.72277e-11;2.31932e-12;1.45872e-10;1.20242e-11;1.71731e-10;1.0106e-11;8.46484e-10;7.70756e-09;7.05431e-09;3.84346e-09;2.0279e-10;4.67548e-13;4.13099e-10;8.58343e-10;3.65377e-11;5.30201e-08;3.23837e-10;1.27342e-11;3.40133e-11;1.18922e-10;3.25689e-10;1.7923e-10;2.39325e-11;5.19635e-11;7.91611e-11;3.47377e-10;2.22396e-09;2.55183e-11;4.87531e-10;7.9751e-13;1.0303e-09;4.53591e-11;3.04203e-11;5.92719e-08;1.82433e-10;2.49985e-09;5.11501e-11;1.73721e-10;9.28085e-11;1.09644e-10;8.02535e-11;4.95403e-11;3.26833e-12;2.35738e-10;1.17468e-10;1.24821e-09;3.67569e-09;2.10824e-11;7.95834e-11;6.91065e-12;8.02382e-11;9.18651e-11;8.80952e-11;5.34121e-11;8.10264e-11;1.02587e-10;4.74401e-12;1.95339e-10;6.51789e-10;3.95891e-10;3.33073e-11;1.47456e-10;3.8845e-11;1.04318e-10;3.94394e-11;4.74595e-11;1.08086e-11;7.01251e-11;1.3839e-11;1.43582e-07;1.44885e-14;1.93973e-11;3.08354e-11;6.00759e-18;5.19273e-14;2.36575e-15;1.19267e-11;1.00761e-11;1.34836e-10;4.50142e-11;1.20184e-10;2.50356e-12;7.60321e-13;1.65282e-06;3.62812e-09;2.32161e-07;3.8033e-08;5.15834e-06;0.999988;2.04264e-06;1.65416e-06;7.33775e-09;1.21049e-08;2.94775e-09;2.10393e-08;3.525e-09;2.2757e-08;6.44219e-11;5.67454e-14;2.40622e-11;2.56186e-11;3.81006e-13;7.99369e-11;8.34023e-14;5.46978e-12;2.93165e-11;8.20429e-11;2.03081e-08;2.47256e-09;2.36848e-10;1.43337e-10;1.77622e-11;4.53028e-10;3.32147e-10;3.77269e-11;8.42274e-12;1.61512e-11;1.03324e-10;1.12734e-09;8.00416e-09;5.44306e-13;9.64526e-13;1.20178e-10;3.66094e-13;1.55362e-12;6.61521e-11;1.61515e-12;1.2609e-11;5.37417e-11;2.89103e-11;5.38133e-11;9.70724e-12;9.85046e-11;1.31526e-10;2.04251e-13;2.68803e-11;2.63333e-11;7.16551e-12;7.67559e-10;6.52306e-13;1.37591e-08;2.94396e-11;1.0066e-09;6.51422e-10;7.51679e-11;6.52084e-11
4.80703e-10;7.23752e-11;3.12795e-09;6.39432e-09;9.90207e-10;5.32678e-11;8.8946e-10;2.90167e-10;5.00805e-10;7.90158e-09;3.36066e-12;1.16804e-11;1.4059e-07;1.02089e-09;9.09439e-09;6.48353e-08;6.25043e-09;1.42594e-09;1.95873e-07;8.83566e-08;1.0004e-08;5.52088e-11;5.3917e-09;4.14247e-09;1.22914e-09;1.08512e-07;1.29398e-07;4.52921e-09;1.68391e-12;5.15008e-09;1.94099e-10;5.04869e-10;1.84733e-11;1.08445e-07;1.19011e-05;1.25217e-10;4.38681e-09;2.29591e-09;2.70401e-09;4.3774e-10;4.07064e-10;2.42227e-08;6.52544e-10;1.607e-09;7.47352e-09;1.60051e-08;1.7191e-09;6.48782e-11;8.62588e-09;1.58629e-10;1.3476e-07;1.73653e-09;2.12103e-10;2.97898e-06;6.86843e-09;2.02352e-07;1.95244e-08;1.27814e-10;1.8454e-09;3.1896e-09;3.32058e-08;4.62864e-10;2.72421e-09;2.85108e-07;2.06562e-09;5.11787e-08;1.28435e-08;2.73616e-08;4.77745e-12;2.07522e-10;2.98711e-10;2.66955e-10;1.9175e-10;1.274e-08;6.21475e-07;1.5153e-09;8.12922e-09;6.63135e-10;5.16065e-11;3.36939e-09;1.07329e-08;1.3786e-11;7.58796e-09;1.47894e-09;6.32031e-09;1.57039e-10;2.34822e-08;2.46865e-06;8.53226e-08;5.66679e-09;1.70167e-10;2.43463e-08;7.57055e-09;2.11643e-08;9.41683e-10;1.22259e-07;5.68544e-06;1.56508e-07;1.63158e-08;1.69573e-11;1.89195e-09;6.47107e-10;7.32836e-10;8.84302e-09;2.28309e-08;4.00321e-06;6.96939e-10;3.05051e-09;7.8133e-09;2.52391e-07;5.21273e-08;3.12905e-07;1.67201e-10;3.85397e-09;2.10221e-08;1.95603e-10;1.89813e-08;9.8676e-10;5.71089e-07;1.8448e-08;8.34711e-09;1.88388e-09;6.43646e-06;7.99119e-09;5.74579e-06;5.31595e-07;0.000236741;4.68627e-05;7.04517e-05;0.998523;2.11768e-08;1.29017e-06;2.52658e-07;0.000916645;5.4785e-05;4.32174e-07;4.3601e-10;5.95314e-09;6.5758e-09;3.61485e-10;3.67624e-09;1.78931e-08;2.33763e-06;1.02585e-08;2.26185e-07;2.42141e-08;1.36222e-08;3.33586e-08;3.39167e-10;2.47071e-08;5.98682e-09;4.97216e-08;9.05395e-09;4.01715e-07;2.74528e-06;4.82307e-09;7.18531e-08;2.15681e-09;8.00651e-06;4.77107e-10;3.37685e-09;9.82471e-09;4.22444e-10;3.34427e-10;1.71977e-08;5.42202e-06;8.94126e-09;1.37113e-08;2.65204e-09;6.23242e-08;2.42264e-09;1.25197e-08;8.33557e-09;5.28484e-08;4.19765e-09;6.61423e-08;1.22503e-05;1.69103e-07;4.85455e-09;9.48179e-07;3.28155e-10;7.61086e-09;3.96967e-09;3.67408e-09;3.69699e-08;3.43517e-08;8.26296e-06;5.28983e-08;3.01019e-09;3.91932e-08;2.97912e-07;5.68183e-10;1.76783e-08;1.28972e-08;3.33073e-09;3.23742e-10;1.38037e-09;2.75959e-06;9.82765e-08;6.32786e-09;1.1242e-08;1.35928e-09;2.33628e-08;3.38289e-08;2.36856e-08;2.48888e-08;1.37245e-07;1.50081e-06;3.42415e-10;2.11319e-08;1.77568e-08;1.84951e-08;1.33568e-08;1.9372e-08;7.88181e-12;1.69844e-09;3.89314e-09;7.29674e-10;3.82224e-10;3.08848e-08;2.27594e-06;2.30227e-09;2.29759e-08;1.31246e-09;5.43519e-09;1.49267e-09;2.28557e-08;2.76306e-09;1.24715e-09;9.11641e-09;1.12562e-07;3.09897e-06;1.04844e-11;7.17902e-08;1.1422e-09;3.02909e-11;3.37741e-10;4.82362e-09;4.90909e-05;7.1745e-10;5.2405e-09;1.46208e-09;1.49949e-09;1.47112e-09;1.99845e-09;1.78635e-11;4.3297e-09;2.59613e-09;1.09689e-07;4.77408e-11;2.8919e-09;2.26445e-06;7.70458e-11;1.27329e-09;6.908e-10;1.90436e-10;5.56662e-09;9.79152e-09;6.81722e-09;1.3564e-10;2.22778e-08;1.973e-08;2.0953e-07;1.81558e-11;2.9169e-08;2.52262e-07;2.2178e-09;2.5784e-09;1.1544e-08;1.69601e-09;3.69078e-09;9.05966e-09;3.32931e-08;8.7983e-12;3.09724e-09;5.91025e-09;4.09574e-12;5.92734e-10;6.44828e-10;1.97522e-07;3.76927e-10;1.10858e-08;8.33857e-08;2.31647e-13;1.25686e-11;6.21903e-10;6.80127e-09;3.8923e-12;7.68381e-09;4.10168e-09;8.14815e-13;1.53521e-08;4.988e-09;4.93174e-08;6.21125e-09;5.14912e-09;1.01502e-08;6.65186e-10;3.44949e-09;2.7455e-08;1.07446e-09;5.36048e-12;3.62189e-09;9.3961e-11;6.7449e-11;1.72238e-10;1.89805e-10;1.5139e-06;3.79762e-09;1.47115e-09;4.31347e-10;3.52707e-09;1.35558e-08;6.49431e-09;2.58038e-11;2.55742e-09;4.05964e-10;1.74745e-11;7.38924e-11;3.88143e-10;1.22738e-07;7.95342e-09;5.27698e-08;8.18886e-10;1.66987e-10;3.58182e-09;6.08736e-08;3.9803e-11;4.26706e-09;1.48855e-10;2.16488e-10;1.68822e-08;1.44488e-09;1.07113e-08;4.75097e-09;1.59914e-08;2.37383e-10;7.31179e-10;1.31088e-10;7.3336e-10;7.57836e-11;1.07706e-10;2.34042e-11;2.92364e-08;4.48516e-12;2.31143e-08;9.40899e-10;1.00507e-11;2.86891e-10
8.5559e-09;5.86048e-10;8.26601e-10;7.92587e-09;3.0026e-08;5.46906e-09;1.74315e-09;4.09974e-07;1.69819e-08;2.61552e-08;5.03591e-08;2.36021e-10;2.67199e-09;1.29553e-08;6.83156e-08;2.01104e-09;3.16989e-10;2.30741e-09;8.7623e-08;1.4473e-07;7.86914e-10;1.16989e-09;1.51164e-07;3.55314e-07;2.87264e-09;1.7828e-08;7.31884e-08;2.03629e-08;2.23793e-11;3.79762e-11;1.06967e-11;1.30984e-08;2.9531e-12;2.77151e-07;2.86767e-10;3.44068e-09;3.91793e-09;1.43522e-09;8.36744e-08;5.32544e-09;3.62521e-06;5.67284e-11;1.49089e-11;1.65198e-10;1.37754e-08;4.03504e-10;4.31099e-09;2.70986e-09;8.44307e-10;3.42426e-10;9.70693e-07;2.2458e-09;6.9092e-10;2.87798e-10;1.91379e-09;6.3395e-08;2.28723e-08;7.82016e-10;3.13185e-08;3.8275e-09;4.70077e-08;3.34775e-09;2.02487e-06;7.78408e-10;9.14237e-09;3.8878e-08;2.48688e-08;9.51414e-08;1.40408e-09;8.5797e-09;9.5322e-09;2.4368e-08;2.72214e-09;1.62482e-07;1.64787e-10;1.01795e-08;4.20911e-09;3.03412e-08;3.32156e-09;3.86209e-08;2.4011e-08;2.25509e-10;4.0402e-09;1.21223e-08;4.0197e-08;1.32504e-09;4.45937e-08;1.99914e-11;4.8446e-06;8.79111e-09;4.71674e-09;3.82551e-08;1.05998e-08;3.55633e-07;4.96712e-09;4.97338e-07;2.86909e-09;1.3108e-06;1.181e-07;1.24083e-11;1.43331e-10;2.00459e-11;3.51177e-11;3.41198e-11;3.29682e-10;2.61573e-13;4.67678e-09;2.05108e-09;2.70137e-08;3.15603e-08;6.63961e-09;2.89538e-06;3.39369e-10;1.52277e-08;3.82218e-08;1.00109e-07;2.00408e-10;4.46481e-09;2.33268e-10;3.90528e-09;2.6734e-08;2.05984e-07;1.52413e-08;5.15124e-11;2.87577e-10;8.05246e-10;4.86256e-07;1.58099e-10;2.76921e-07;1.75844e-11;5.60491e-09;1.72667e-08;1.21274e-08;6.71317e-06;3.05431e-09;1.07804e-09;5.09254e-09;1.22807e-09;1.63308e-08;1.57663e-08;2.06503e-08;2.18814e-07;1.73427e-09;6.62808e-08;1.76827e-08;2.18463e-08;5.58221e-08;1.44636e-05;2.40835e-06;3.78835e-06;6.64077e-07;0.983768;7.36096e-05;0.0155714;4.00848e-05;3.67327e-08;9.86024e-06;7.71834e-08;0.000257078;9.41767e-09;5.14862e-09;1.04344e-08;1.40648e-08;1.57351e-09;3.54984e-07;2.57042e-09;1.16102e-08;6.2429e-09;2.92888e-07;1.32122e-08;1.65723e-09;1.62908e-09;9.52925e-10;2.22317e-09;3.05017e-11;4.59055e-09;2.79976e-11;5.40633e-09;8.7297e-11;3.89999e-08;4.98349e-08;1.13065e-07;3.90663e-09;3.03984e-06;5.99723e-08;1.02528e-07;6.6981e-09;2.46146e-07;1.84129e-08;9.00806e-08;1.80276e-07;9.01546e-09;1.00607e-08;2.31313e-08;1.07927e-06;1.32698e-08;8.03891e-07;1.9396e-08;5.83366e-08;2.19388e-08;1.75987e-07;9.77827e-09;6.41415e-09;4.96837e-09;1.1687e-05;1.56375e-08;1.4156e-05;4.4025e-08;9.37282e-09;2.11393e-08;4.67495e-08;5.3702e-08;5.50814e-07;6.60598e-09;2.68151e-10;6.12914e-09;2.16782e-09;2.8454e-08;3.57106e-10;8.53459e-07;1.75481e-09;2.26103e-08;4.17615e-08;1.29923e-08;1.05673e-08;5.58266e-09;1.16557e-08;8.51368e-09;3.80979e-07;3.02443e-08;3.98751e-05;2.48973e-08;8.27293e-10;5.51511e-08;1.87569e-09;4.97265e-09;7.99046e-10;1.05598e-07;9.5822e-10;1.15346e-08;3.17497e-09;1.17523e-08;1.34036e-07;7.60478e-07;4.91434e-09;2.45938e-10;6.30959e-09;2.32773e-09;1.51511e-07;5.39891e-09;2.21853e-08;9.01994e-10;4.02636e-09;1.75657e-08;4.3701e-09;1.88462e-08;4.65842e-08;1.45972e-07;1.07486e-08;7.18847e-09;5.35149e-08;1.93451e-08;9.04803e-11;6.29722e-10;9.1001e-10;2.89931e-12;2.69528e-09;4.77369e-09;1.82764e-08;4.48207e-10;5.68886e-09;2.94986e-07;1.65302e-11;3.98238e-10;3.46841e-11;9.7498e-10;4.36664e-10;4.36741e-10;0.000149689;7.7881e-13;2.02078e-08;3.97513e-07;4.009e-08;1.45963e-08;4.30937e-09;3.33982e-06;1.17487e-08;3.81101e-10;1.25254e-10;1.34995e-09;7.72432e-09;2.59083e-09;8.41218e-09;3.21784e-13;2.53837e-07;8.07053e-09;2.5495e-08;5.54397e-09;6.53786e-11;1.84544e-09;3.87988e-09;1.55182e-10;8.80094e-09;1.12257e-09;8.6282e-10;2.71737e-09;1.63863e-08;2.01317e-13;7.45429e-09;3.27669e-08;3.33274e-10;1.8531e-08;3.43087e-09;1.56359e-08;1.83772e-08;9.60741e-09;7.29061e-09;7.39646e-10;2.26473e-11;3.96791e-09;2.75273e-10;2.70184e-09;2.12045e-07;6.58923e-10;1.48989e-09;7.13802e-10;5.57587e-11;2.05575e-11;6.56173e-09;7.35935e-13;2.54573e-09;6.31687e-08;5.18711e-09;8.86768e-08;9.46525e-09;9.02096e-08;4.71412e-09;1.34121e-09;6.21672e-09;1.33465e-08;1.25897e-08;2.43935e-09;1.63174e-08;3.26073e-10;9.01913e-10;6.04065e-08;9.08962e-08;2.24613e-10;2.46648e-09
4.44395e-09;2.12493e-13;3.28283e-12;1.45492e-12;1.4794e-10;1.49277e-11;5.94074e-12;3.66595e-09;1.94832e-11;1.07401e-11;5.6696e-13;2.34413e-12;1.31563e-11;8.85874e-11;6.55716e-11;2.58058e-11;3.12725e-12;3.56138e-11;2.6382e-10;9.99015e-10;4.77562e-11;9.82651e-11;1.69668e-10;1.61775e-10;4.30491e-11;3.11342e-09;1.40573e-10;2.92858e-11;1.90719e-11;1.28092e-12;7.82468e-12;1.37752e-10;4.97195e-13;6.0234e-07;5.30681e-13;4.6332e-10;3.25033e-11;1.37575e-11;2.15653e-11;4.38381e-12;1.53137e-08;4.44327e-13;2.58577e-12;2.37275e-12;3.78413e-09;2.27473e-10;1.48102e-09;1.66423e-12;2.66484e-13;7.57857e-14;1.28153e-10;2.23914e-14;1.22339e-10;4.9357e-11;1.4556e-12;3.00982e-12;1.53302e-11;7.72973e-12;6.70856e-11;4.394e-12;1.197e-11;2.58665e-11;2.13081e-08;2.91981e-12;7.03647e-11;5.27405e-12;2.90582e-11;1.17186e-10;1.35838e-11;2.68576e-12;3.73192e-11;8.53973e-13;8.10104e-12;8.55508e-10;3.88398e-14;3.44506e-11;2.23883e-11;2.28585e-10;4.73812e-12;1.614e-09;5.68843e-10;6.47936e-11;6.96844e-12;4.4284e-11;5.02751e-12;1.78211e-11;1.61622e-06;1.88845e-10;2.78748e-09;1.58363e-11;4.21259e-11;4.07604e-11;5.97583e-11;3.96293e-12;1.64734e-13;9.74912e-09;2.33344e-13;1.26296e-09;2.61709e-11;3.32251e-11;2.99356e-12;3.0855e-12;2.72644e-10;1.48504e-12;7.19289e-08;2.07269e-14;8.70836e-11;5.39431e-11;9.57607e-11;9.17964e-13;8.33972e-13;7.76107e-09;1.18157e-12;4.43117e-11;4.19572e-11;8.31769e-10;4.83012e-12;6.02109e-10;4.46469e-11;2.13905e-12;1.45623e-11;6.40431e-13;5.5747e-12;2.0768e-12;1.31037e-12;3.47906e-11;2.34926e-11;2.23074e-13;5.19203e-08;3.59546e-14;4.00257e-11;1.24754e-11;2.66265e-11;1.27279e-09;3.08e-13;1.50078e-10;3.30904e-11;1.29334e-11;2.61718e-11;9.47816e-11;3.41326e-10;5.79176e-09;1.14381e-11;7.4717e-11;1.78817e-12;3.13844e-12;1.18014e-11;1.38258e-10;3.93562e-11;1.48034e-11;2.80858e-12;3.37343e-10;7.15168e-12;7.30632e-08;1.20911e-12;4.43905e-11;2.33909e-11;4.37804e-13;4.89767e-10;7.88291e-11;2.46131e-11;5.52661e-11;2.53281e-10;5.23011e-12;2.35496e-07;4.65961e-12;5.29952e-11;1.05022e-11;1.58815e-10;1.64184e-10;4.27048e-10;1.33674e-10;2.6337e-10;3.74055e-10;9.39653e-10;3.337e-07;5.96854e-12;2.68087e-10;1.67261e-11;3.1371e-10;6.09785e-11;9.62411e-11;9.46323e-11;1.83579e-08;1.1034e-10;4.32122e-09;1.89471e-12;2.41932e-11;2.17787e-12;2.35258e-11;2.48574e-10;9.96477e-11;6.25534e-11;1.05077e-09;1.23245e-10;2.57848e-11;1.02105e-06;1.18859e-11;1.61833e-11;3.3985e-12;4.75919e-09;1.52985e-10;1.61702e-10;1.53263e-10;8.55697e-10;1.34811e-10;1.57684e-06;7.96239e-11;3.72426e-11;2.85605e-11;1.81831e-11;3.42764e-11;1.39652e-10;3.60808e-11;3.07998e-11;2.2024e-11;2.93631e-10;8.17649e-11;1.11623e-11;4.03995e-07;4.57309e-11;7.94847e-11;4.81116e-11;7.76731e-11;9.80763e-11;2.5623e-10;2.10234e-11;1.80278e-11;5.66665e-10;2.73638e-10;3.75076e-07;1.58706e-10;4.04995e-10;4.67771e-11;2.29886e-11;1.04252e-12;2.4537e-12;9.12469e-08;3.36896e-13;2.51812e-11;9.39101e-12;6.75228e-11;7.41282e-11;3.33426e-09;6.10919e-11;8.25258e-12;6.82791e-12;9.27292e-12;2.3181e-11;7.57409e-13;5.23339e-08;7.66789e-14;9.89972e-11;4.14914e-11;2.81526e-11;3.52121e-11;8.75107e-11;1.52085e-10;2.08619e-11;5.31813e-11;1.37608e-11;3.72391e-11;8.27403e-13;1.67938e-14;2.75249e-09;1.72815e-13;2.81295e-11;3.63835e-11;2.46749e-11;3.03385e-12;1.78296e-11;9.18682e-09;4.36861e-10;2.0425e-08;1.02773e-09;1.97552e-08;1.42805e-05;5.69653e-09;0.999857;1.55717e-09;1.49286e-08;8.40399e-09;1.21663e-08;4.37973e-09;7.2628e-10;0.000121339;6.10717e-11;1.86088e-12;1.68788e-13;2.93503e-12;7.74228e-13;1.16321e-11;2.37897e-07;2.27123e-14;9.43056e-11;5.28478e-12;3.51519e-11;2.03732e-11;9.05975e-12;1.96179e-10;4.71573e-11;2.5517e-11;3.05033e-12;4.20801e-12;3.69832e-10;2.46425e-12;2.76838e-07;6.28508e-15;5.96216e-11;5.79167e-11;4.73249e-14;1.21706e-12;3.78547e-09;1.24712e-10;1.22212e-10;8.12567e-12;1.95172e-11;3.19167e-12;1.6586e-13;8.88893e-09;3.09817e-13;9.46828e-12;1.23019e-10;5.93415e-10;3.07346e-11;2.11138e-11;1.20708e-13;4.85751e-13;1.19574e-08;2.87317e-12;1.49655e-10;2.93845e-11;5.1824e-11;1.04843e-09;1.49025e-10;2.26103e-10;1.18877e-10;3.32365e-08;1.41199e-10;3.02943e-11;7.53048e-11;2.95516e-15;2.18408e-08;1.96397e-10;3.25993e-10;3.49536e-10;5.46682e-10;2.6588e-10;3.15735e-11
1.6921e-07;7.22447e-11;3.10587e-10;8.97018e-12;5.2509e-10;1.41362e-09;7.80045e-10;3.30597e-09;5.79813e-11;3.44769e-11;4.21533e-09;2.8545e-10;2.08925e-12;3.23808e-10;9.4634e-11;1.0156e-11;2.19409e-11;7.32717e-11;1.11993e-11;1.41042e-10;9.60704e-11;2.29716e-10;1.12304e-10;1.07922e-09;3.43766e-10;3.51868e-09;4.19196e-10;7.57797e-11;5.70844e-11;4.14836e-12;5.21842e-11;2.66617e-11;3.47552e-12;3.32375e-10;4.8001e-11;6.3438e-10;4.37749e-11;6.27872e-11;3.47256e-09;6.39165e-11;2.34799e-10;5.36818e-13;7.26104e-11;1.36844e-11;5.04295e-10;1.77901e-11;5.94174e-11;2.16337e-10;9.43053e-11;6.77199e-13;3.91662e-10;8.37206e-09;8.59368e-08;1.63908e-09;2.20302e-10;1.31444e-10;2.94532e-10;4.56052e-11;9.73934e-11;1.37561e-11;1.52314e-12;1.75497e-10;4.01901e-10;3.51884e-10;1.30474e-10;5.01086e-11;1.61774e-10;1.40174e-10;1.48187e-10;1.49283e-11;1.38411e-10;5.13025e-11;3.53574e-09;1.06651e-09;5.01735e-13;1.14856e-10;4.87953e-11;2.63972e-10;3.67426e-10;9.05266e-09;1.09713e-09;2.36387e-10;4.6184e-12;1.08692e-10;1.66856e-13;1.30727e-10;9.00882e-09;2.736e-10;3.50449e-10;5.36872e-11;9.2427e-11;3.92867e-11;3.49809e-11;2.31507e-11;5.55384e-11;2.31371e-12;3.92382e-13;4.94165e-11;4.56603e-11;4.40364e-10;1.3726e-09;2.15258e-10;1.50164e-11;1.12392e-08;7.61608e-09;1.25838e-10;3.99361e-10;6.62761e-11;1.33134e-10;1.03015e-09;1.90126e-09;6.49485e-09;7.1693e-11;5.14547e-11;5.40588e-10;1.31921e-10;3.34196e-10;5.85383e-10;2.34814e-10;2.13798e-09;2.41623e-09;1.03395e-09;5.60463e-11;2.91471e-12;1.27773e-12;9.72802e-12;2.87413e-12;1.94472e-13;1.26285e-10;8.469e-13;5.24007e-11;9.5379e-11;1.34579e-10;2.23247e-10;3.3816e-10;6.50999e-11;4.89393e-11;3.0931e-11;3.59411e-11;4.85833e-11;5.02691e-10;6.08386e-11;8.27866e-12;8.81987e-11;6.6749e-12;1.77478e-10;2.19715e-10;6.72527e-10;3.04675e-10;4.58497e-11;1.82854e-11;7.01872e-10;1.78205e-11;1.22978e-08;5.80486e-13;8.58554e-11;1.21066e-10;2.79335e-10;9.73739e-10;5.32035e-11;3.12471e-11;4.4282e-11;6.91348e-11;2.79026e-11;2.01933e-10;4.70984e-13;7.76826e-11;2.00287e-10;2.50224e-11;5.75196e-11;5.38558e-10;1.06752e-10;3.03252e-10;6.73266e-12;5.15843e-10;2.85405e-11;1.65989e-10;8.02248e-11;8.13109e-10;1.57463e-10;1.59961e-11;5.48933e-12;2.43925e-12;1.70665e-11;1.24411e-11;1.65899e-11;3.21745e-12;6.20304e-12;9.29596e-11;1.13484e-10;5.58955e-10;1.63653e-10;6.98832e-11;1.20129e-10;2.95436e-11;1.86189e-10;1.29591e-10;6.93293e-11;1.41813e-10;2.10524e-10;2.66788e-09;1.3573e-10;9.71388e-11;2.48213e-10;2.0904e-09;6.70646e-10;1.99308e-10;6.69657e-11;2.62786e-10;7.42066e-11;2.60595e-09;8.09867e-10;9.92929e-10;8.47019e-11;2.71136e-11;7.11223e-11;7.50193e-12;8.32104e-12;3.3751e-12;8.0303e-10;1.2147e-12;1.07313e-10;6.39974e-11;1.55109e-10;7.95243e-11;1.06201e-10;1.06545e-11;2.6714e-11;2.21504e-10;2.10372e-10;1.33831e-10;2.99821e-10;2.96771e-10;1.25513e-10;9.99498e-11;4.83089e-11;7.08656e-12;2.2315e-10;1.37882e-11;1.20118e-10;3.67761e-11;2.95358e-11;1.37132e-10;3.24833e-11;7.76664e-11;6.01285e-10;4.70101e-11;2.72368e-10;2.61478e-12;5.55162e-11;2.01439e-09;7.35743e-12;4.56131e-10;1.05039e-10;7.70007e-11;2.14623e-10;6.59664e-11;1.48943e-10;6.57672e-11;3.03818e-10;3.57771e-11;8.09814e-11;5.86979e-13;3.47315e-09;1.46997e-09;8.71107e-11;1.28477e-10;6.02006e-11;2.47707e-11;4.82555e-11;6.2568e-11;6.00346e-10;2.9843e-11;4.58275e-11;1.35126e-12;1.96825e-10;3.45808e-11;2.99464e-13;3.47744e-08;4.79509e-12;8.33691e-11;3.10762e-11;4.66781e-11;8.12805e-10;5.81363e-10;2.11847e-11;2.39654e-09;6.69066e-11;4.56317e-12;1.22848e-11;3.64609e-11;6.57408e-12;9.40832e-09;9.23569e-15;9.2027e-11;5.74483e-11;3.83413e-11;1.079e-10;1.5175e-10;3.91291e-12;1.08784e-10;5.47057e-11;1.34011e-10;1.10227e-10;1.41789e-09;4.44556e-10;4.39553e-09;6.06148e-12;1.50212e-10;3.87923e-10;3.48618e-10;3.8811e-09;4.48193e-10;7.25382e-11;6.34487e-10;6.31961e-11;3.33416e-10;1.64801e-11;4.75174e-10;1.09277e-09;1.60135e-11;8.2881e-11;9.05407e-11;1.02708e-09;6.49206e-11;4.11193e-11;3.98878e-15;5.09071e-11;1.00516e-10;2.86486e-10;9.81731e-11;5.25146e-11;1.06213e-10;5.86251e-11;4.3072e-11;1.7372e-11;8.17939e-10;0.99999;5.85048e-08;2.60288e-09;7.18932e-07;1.89631e-07;7.78038e-07;2.45051e-06;1.19622e-06;1.93721e-07;3.82541e-08;3.49705e-06;6.08754e-07
3.55417e-05;2.68058e-10;1.43354e-08;4.96254e-09;2.16048e-11;1.69955e-10;3.1465e-09;7.57741e-10;3.47879e-10;2.00624e-10;3.07707e-11;1.67826e-10;2.71633e-10;3.68055e-10;5.68265e-10;1.22024e-10;6.2618e-10;1.60607e-10;2.55873e-10;1.48188e-09;7.49721e-11;2.38377e-09;2.43153e-10;2.6956e-09;1.42149e-09;9.84865e-11;8.20477e-10;3.16104e-12;2.47378e-10;4.45328e-09;1.40824e-08;3.27198e-11;5.06235e-10;3.19302e-10;1.35921e-09;5.72919e-10;2.33784e-10;2.09194e-10;3.10788e-11;7.22668e-12;1.76075e-12;1.09331e-10;5.16637e-10;2.60496e-10;7.43938e-10;2.6912e-10;1.42343e-09;1.29572e-10;4.13324e-10;2.65844e-10;3.54375e-12;2.16621e-10;1.63029e-10;1.03206e-09;1.42543e-11;2.30966e-10;4.10355e-11;9.24788e-10;7.00908e-10;3.85384e-09;9.3036e-10;7.23739e-10;1.74086e-09;3.1409e-09;2.67496e-10;6.67688e-10;2.11183e-10;8.86028e-10;2.30039e-10;3.89479e-10;2.56064e-08;4.04328e-11;7.5276e-10;4.94762e-10;1.01577e-10;2.50485e-10;2.82267e-10;2.05937e-10;1.48057e-09;2.60187e-09;1.5376e-09;5.94412e-10;3.57164e-09;1.88443e-09;1.73278e-11;1.47895e-10;2.40433e-09;6.79755e-11;2.00274e-10;1.813e-10;1.42072e-09;8.16483e-10;2.79627e-10;6.0739e-11;7.44728e-10;5.22683e-10;6.20846e-10;1.75981e-10;1.09217e-10;6.41927e-11;3.08016e-08;3.97539e-09;2.93465e-12;6.87662e-10;3.08988e-10;2.2469e-11;1.05163e-10;1.85901e-10;2.85929e-10;8.11329e-11;4.60605e-11;2.25795e-11;1.55776e-10;8.42721e-11;8.82172e-10;1.79415e-10;8.89482e-10;2.00003e-11;6.97386e-10;1.72372e-10;1.88726e-10;9.4629e-12;2.87277e-10;9.82176e-11;7.02436e-09;7.06441e-09;1.18759e-10;1.15242e-09;3.47353e-11;5.9275e-10;3.27559e-11;4.92182e-10;6.79695e-10;5.03077e-12;1.40438e-11;2.10148e-11;5.65871e-10;5.33613e-09;2.26798e-09;1.05627e-10;4.72474e-10;1.71051e-10;3.54597e-10;1.13098e-10;1.80405e-11;1.81005e-10;1.02782e-10;5.57518e-10;2.29825e-10;1.37837e-09;1.69908e-09;1.30498e-09;2.43128e-10;1.7866e-10;1.3708e-10;1.6872e-10;2.4583e-11;1.07446e-10;2.71359e-10;9.83426e-11;1.47405e-10;4.49777e-10;7.33952e-11;6.03175e-10;1.12048e-10;1.66667e-11;4.25562e-12;8.16079e-11;5.6966e-11;1.49062e-10;1.02243e-09;5.25947e-09;4.81629e-09;1.24472e-10;3.72099e-09;3.80008e-11;2.67515e-10;2.22101e-11;8.6447e-11;4.13139e-11;1.80333e-10;2.84149e-10;2.33794e-10;2.2624e-10;1.47069e-09;4.85651e-10;1.05755e-09;2.3254e-10;7.35512e-10;1.56553e-10;3.28409e-10;5.86349e-10;2.3198e-09;4.61343e-09;7.85178e-10;1.61972e-09;5.07466e-10;1.06219e-09;1.11557e-10;1.13098e-10;2.10198e-10;1.72656e-09;2.36414e-08;3.43148e-08;5.27454e-10;2.42002e-09;1.96968e-09;1.47913e-09;1.65748e-10;4.37713e-10;8.40918e-11;2.52709e-10;2.49466e-10;3.90406e-10;1.42919e-10;1.96154e-09;1.30353e-09;6.58415e-12;2.31175e-10;2.90588e-12;1.19339e-11;4.20122e-10;2.00748e-10;4.86036e-10;2.46357e-10;1.81387e-09;5.18731e-09;9.45542e-10;2.21486e-10;8.47199e-10;1.5752e-09;1.84665e-09;3.48873e-09;1.15579e-08;2.06029e-09;5.49715e-10;1.22336e-10;4.59367e-11;3.4949e-09;4.00664e-10;2.13317e-10;3.89465e-11;3.29949e-10;9.56454e-11;2.08772e-10;1.9174e-09;3.94142e-09;6.36671e-09;3.85769e-12;6.20728e-11;1.1684e-10;2.09419e-10;1.18881e-10;1.53757e-10;3.22134e-10;4.43408e-11;4.74052e-11;3.72058e-11;3.45833e-10;2.85972e-10;3.91494e-10;1.47398e-09;4.13675e-11;1.05558e-09;5.31205e-11;1.43721e-08;3.54564e-10;2.0995e-10;4.43007e-10;1.97074e-10;3.03523e-10;1.8892e-10;1.71151e-11;2.00636e-10;5.22544e-09;2.8553e-08;4.22302e-11;7.77131e-11;1.21712e-09;2.71026e-11;6.84626e-11;5.98237e-10;2.03506e-10;1.877e-14;6.19633e-12;5.18045e-11;1.97921e-10;2.87218e-11;6.9366e-09;1.45156e-09;3.66919e-12;1.00873e-10;7.43721e-13;2.53384e-11;1.22605e-10;2.36611e-10;2.49461e-10;3.79455e-13;6.75754e-10;9.30657e-11;1.68346e-09;9.13767e-08;4.36692e-06;2.75724e-05;0.999799;1.59487e-05;0.000103995;8.48372e-06;1.24544e-08;2.10736e-07;1.41816e-06;6.41225e-08;1.14949e-07;3.13521e-10;3.61754e-10;9.03995e-10;2.92521e-09;1.55463e-11;9.0335e-10;1.14429e-09;1.19615e-09;5.60542e-10;4.89368e-10;1.305e-09;2.37316e-10;3.02422e-10;1.05408e-11;1.87833e-10;9.28586e-12;8.71928e-11;8.92958e-10;9.38098e-10;5.79811e-10;4.01485e-12;6.10403e-10;4.27641e-11;1.33473e-08;2.41373e-06;2.34631e-10;1.70344e-10;2.10806e-11;8.76896e-12;5.05357e-10;3.26461e-12;3.58611e-10;2.11383e-09;9.32597e-10;1.1946e-10;5.07356e-10
